#epsilon= 1.906347e-004  dim= 3
0 -7.212465e+000 15
1 -2.966560e+000 15
2 -3.018573e+000 15
3 -3.615279e+000 15
4 -2.925733e+000 15
5 -2.845461e+000 15
6 -2.802022e+000 15
7 -2.727999e+000 15
8 -2.553809e+000 15
9 -2.528273e+000 15
10 -2.590605e+000 15
11 -2.619448e+000 15
12 -2.580793e+000 15
13 -2.565313e+000 15
14 -2.674863e+000 15
15 -2.895865e+000 15
16 -2.673152e+000 15
17 -2.886748e+000 15
18 -3.197035e+000 15
19 -2.666654e+000 15
20 -2.802347e+000 15
21 -3.205389e+000 15
22 -2.605018e+000 15
23 -2.734272e+000 15
24 -2.966076e+000 15
25 -2.420677e+000 15
26 -2.660161e+000 15
27 -2.733831e+000 15
28 -2.567892e+000 15
29 -2.676032e+000 15
30 -2.698529e+000 15
31 -2.523522e+000 15
32 -2.591645e+000 15
33 -2.692273e+000 15
34 -2.775543e+000 15
35 -2.682833e+000 15
36 -2.831463e+000 15
37 -2.684577e+000 15
38 -2.625421e+000 15
39 -2.970511e+000 15
40 -2.787358e+000 15
41 -2.811997e+000 15
42 -3.104209e+000 15
43 -2.890909e+000 15
44 -2.924497e+000 15
45 -3.099854e+000 15
46 -2.857202e+000 15
47 -2.974146e+000 15
48 -2.976528e+000 15
49 -2.864918e+000 15
50 -3.028591e+000 15
51 -2.910440e+000 15
52 -2.758061e+000 15
53 -2.884966e+000 15
54 -2.708058e+000 15
55 -2.849132e+000 15
56 -2.850349e+000 15
57 -2.676608e+000 15
58 -2.586877e+000 15
59 -2.687340e+000 15
60 -2.649538e+000 15
61 -2.740199e+000 15
62 -2.703039e+000 15
63 -2.877118e+000 15
64 -2.654544e+000 15
65 -2.800041e+000 15
66 -2.888458e+000 15
67 -2.483212e+000 15
68 -2.646968e+000 15
69 -2.785141e+000 15
70 -2.513732e+000 15
71 -2.658104e+000 15
72 -2.749573e+000 15
73 -2.667419e+000 15
74 -2.800892e+000 15
75 -2.810926e+000 15
76 -2.969649e+000 15
77 -2.840914e+000 15
78 -3.074311e+000 15
79 -3.038085e+000 15
80 -2.837912e+000 15
81 -2.911510e+000 15
82 -2.770181e+000 15
83 -2.811640e+000 15
84 -2.823969e+000 15
85 -2.669130e+000 15
86 -2.698689e+000 15
87 -2.763619e+000 15
88 -2.670299e+000 15
89 -2.711973e+000 15
90 -2.999838e+000 15
91 -2.806178e+000 15
92 -2.696243e+000 15
93 -2.921893e+000 15
94 -2.884696e+000 15
95 -2.986999e+000 15
96 -2.863125e+000 15
97 -2.974060e+000 15
98 -2.972542e+000 15
99 -2.935208e+000 15
100 -2.919033e+000 15

#epsilon= 3.390018e-004  dim= 3
0 -6.635561e+000 88
1 -2.902758e+000 88
2 -3.044435e+000 88
3 -3.900947e+000 88
4 -2.887930e+000 88
5 -2.954964e+000 88
6 -3.102448e+000 88
7 -2.814518e+000 88
8 -2.862675e+000 88
9 -2.796850e+000 88
10 -2.752523e+000 88
11 -2.841696e+000 88
12 -2.801563e+000 88
13 -2.805618e+000 88
14 -2.847550e+000 88
15 -2.909490e+000 88
16 -2.926271e+000 88
17 -2.850507e+000 88
18 -2.944617e+000 88
19 -2.943506e+000 88
20 -2.880169e+000 88
21 -2.945351e+000 88
22 -2.878138e+000 88
23 -2.822842e+000 88
24 -3.012928e+000 88
25 -2.832191e+000 88
26 -2.826804e+000 88
27 -2.947118e+000 88
28 -2.813341e+000 88
29 -2.837206e+000 88
30 -2.886638e+000 88
31 -2.755984e+000 88
32 -2.773650e+000 88
33 -2.832040e+000 88
34 -2.789622e+000 88
35 -2.750639e+000 88
36 -2.832069e+000 88
37 -2.769327e+000 88
38 -2.732278e+000 88
39 -2.844460e+000 88
40 -2.786949e+000 88
41 -2.728861e+000 88
42 -2.913440e+000 88
43 -2.773795e+000 88
44 -2.769785e+000 88
45 -2.958266e+000 88
46 -2.793932e+000 88
47 -2.773969e+000 88
48 -2.844019e+000 88
49 -2.861206e+000 88
50 -2.781339e+000 88
51 -2.758463e+000 88
52 -2.818174e+000 88
53 -2.796099e+000 88
54 -2.727368e+000 88
55 -2.758689e+000 88
56 -2.746454e+000 88
57 -2.724333e+000 88
58 -2.710962e+000 88
59 -2.756296e+000 88
60 -2.723430e+000 88
61 -2.745829e+000 88
62 -2.827256e+000 88
63 -2.749256e+000 88
64 -2.704468e+000 88
65 -2.810270e+000 88
66 -2.766964e+000 88
67 -2.712188e+000 88
68 -2.800216e+000 88
69 -2.759655e+000 88
70 -2.757517e+000 88
71 -2.811249e+000 88
72 -2.820935e+000 88
73 -2.803361e+000 88
74 -2.820749e+000 88
75 -2.765923e+000 88
76 -2.792407e+000 88
77 -2.845940e+000 88
78 -2.822846e+000 88
79 -2.824212e+000 88
80 -2.824516e+000 88
81 -2.846942e+000 88
82 -2.806528e+000 88
83 -2.790794e+000 88
84 -2.785657e+000 88
85 -2.814785e+000 88
86 -2.757500e+000 88
87 -2.732904e+000 88
88 -2.727748e+000 88
89 -2.735641e+000 88
90 -2.785073e+000 88
91 -2.766195e+000 88
92 -2.769834e+000 88
93 -2.807540e+000 88
94 -2.759119e+000 88
95 -2.847664e+000 88
96 -2.761956e+000 88
97 -2.723169e+000 88
98 -2.862311e+000 88
99 -2.737055e+000 88
100 -2.670562e+000 88

#epsilon= 6.028400e-004  dim= 3
0 -6.043355e+000 256
1 -2.865979e+000 256
2 -2.930289e+000 256
3 -3.631032e+000 256
4 -2.813235e+000 256
5 -2.849299e+000 256
6 -3.024616e+000 256
7 -2.782893e+000 256
8 -2.786280e+000 256
9 -2.759977e+000 256
10 -2.742032e+000 256
11 -2.743847e+000 256
12 -2.758169e+000 256
13 -2.750071e+000 256
14 -2.745029e+000 256
15 -2.798390e+000 256
16 -2.769384e+000 256
17 -2.731003e+000 256
18 -2.783700e+000 256
19 -2.745249e+000 256
20 -2.744488e+000 256
21 -2.768912e+000 256
22 -2.721512e+000 256
23 -2.737718e+000 256
24 -2.802814e+000 256
25 -2.718058e+000 256
26 -2.705883e+000 256
27 -2.786107e+000 256
28 -2.711522e+000 256
29 -2.684818e+000 256
30 -2.754962e+000 256
31 -2.695869e+000 256
32 -2.683370e+000 256
33 -2.702296e+000 256
34 -2.695521e+000 256
35 -2.675909e+000 256
36 -2.692642e+000 256
37 -2.725303e+000 256
38 -2.688682e+000 256
39 -2.729820e+000 256
40 -2.743258e+000 256
41 -2.737437e+000 256
42 -2.768923e+000 256
43 -2.730177e+000 256
44 -2.712904e+000 256
45 -2.740348e+000 256
46 -2.739623e+000 256
47 -2.713076e+000 256
48 -2.720380e+000 256
49 -2.732232e+000 256
50 -2.698493e+000 256
51 -2.722954e+000 256
52 -2.760094e+000 256
53 -2.725631e+000 256
54 -2.734072e+000 256
55 -2.745400e+000 256
56 -2.701824e+000 256
57 -2.729865e+000 256
58 -2.730117e+000 256
59 -2.720235e+000 256
60 -2.716052e+000 256
61 -2.728187e+000 256
62 -2.739596e+000 256
63 -2.708553e+000 256
64 -2.711235e+000 256
65 -2.737238e+000 256
66 -2.688699e+000 256
67 -2.671537e+000 256
68 -2.745119e+000 256
69 -2.702570e+000 256
70 -2.725919e+000 256
71 -2.723881e+000 256
72 -2.734499e+000 256
73 -2.780742e+000 256
74 -2.722836e+000 256
75 -2.751737e+000 256
76 -2.773253e+000 256
77 -2.717610e+000 256
78 -2.721001e+000 256
79 -2.721351e+000 256
80 -2.739318e+000 256
81 -2.735650e+000 256
82 -2.663523e+000 256
83 -2.663438e+000 256
84 -2.721260e+000 256
85 -2.672660e+000 256
86 -2.678838e+000 256
87 -2.721821e+000 256
88 -2.673157e+000 256
89 -2.667551e+000 256
90 -2.730198e+000 256
91 -2.720100e+000 256
92 -2.693772e+000 256
93 -2.731969e+000 256
94 -2.727837e+000 256
95 -2.715154e+000 256
96 -2.715645e+000 256
97 -2.698774e+000 256
98 -2.768463e+000 256
99 -2.721375e+000 256
100 -2.726453e+000 256

#epsilon= 1.072018e-003  dim= 3
0 -5.443898e+000 407
1 -2.714378e+000 407
2 -2.723827e+000 407
3 -3.418474e+000 407
4 -2.677813e+000 407
5 -2.703454e+000 407
6 -2.951418e+000 407
7 -2.676499e+000 407
8 -2.679471e+000 407
9 -2.665183e+000 407
10 -2.660257e+000 407
11 -2.662850e+000 407
12 -2.656085e+000 407
13 -2.660967e+000 407
14 -2.673369e+000 407
15 -2.656886e+000 407
16 -2.648896e+000 407
17 -2.672305e+000 407
18 -2.654001e+000 407
19 -2.632948e+000 407
20 -2.650307e+000 407
21 -2.661450e+000 407
22 -2.636520e+000 407
23 -2.648302e+000 407
24 -2.680510e+000 407
25 -2.641365e+000 407
26 -2.641124e+000 407
27 -2.681183e+000 407
28 -2.644395e+000 407
29 -2.655786e+000 407
30 -2.662693e+000 407
31 -2.628009e+000 407
32 -2.642290e+000 407
33 -2.633675e+000 407
34 -2.616725e+000 407
35 -2.627719e+000 407
36 -2.617165e+000 407
37 -2.632794e+000 407
38 -2.635465e+000 407
39 -2.615742e+000 407
40 -2.631755e+000 407
41 -2.639383e+000 407
42 -2.623811e+000 407
43 -2.635213e+000 407
44 -2.647290e+000 407
45 -2.627062e+000 407
46 -2.629576e+000 407
47 -2.646386e+000 407
48 -2.641035e+000 407
49 -2.624603e+000 407
50 -2.650850e+000 407
51 -2.624026e+000 407
52 -2.636930e+000 407
53 -2.642278e+000 407
54 -2.630306e+000 407
55 -2.631919e+000 407
56 -2.625654e+000 407
57 -2.606135e+000 407
58 -2.620169e+000 407
59 -2.622639e+000 407
60 -2.618637e+000 407
61 -2.615976e+000 407
62 -2.619018e+000 407
63 -2.626838e+000 407
64 -2.600116e+000 407
65 -2.628428e+000 407
66 -2.617021e+000 407
67 -2.612286e+000 407
68 -2.633446e+000 407
69 -2.611542e+000 407
70 -2.619456e+000 407
71 -2.648711e+000 407
72 -2.609380e+000 407
73 -2.639015e+000 407
74 -2.658585e+000 407
75 -2.611671e+000 407
76 -2.637524e+000 407
77 -2.644046e+000 407
78 -2.625335e+000 407
79 -2.645491e+000 407
80 -2.640146e+000 407
81 -2.617968e+000 407
82 -2.630531e+000 407
83 -2.633106e+000 407
84 -2.627246e+000 407
85 -2.633009e+000 407
86 -2.634612e+000 407
87 -2.607830e+000 407
88 -2.624358e+000 407
89 -2.615089e+000 407
90 -2.624804e+000 407
91 -2.627477e+000 407
92 -2.625737e+000 407
93 -2.620906e+000 407
94 -2.599285e+000 407
95 -2.627150e+000 407
96 -2.642254e+000 407
97 -2.603620e+000 407
98 -2.652826e+000 407
99 -2.636974e+000 407
100 -2.605140e+000 407

#epsilon= 1.906347e-003  dim= 3
0 -4.866485e+000 467
1 -2.625415e+000 467
2 -2.627587e+000 467
3 -3.251083e+000 467
4 -2.615091e+000 467
5 -2.613323e+000 467
6 -2.828335e+000 467
7 -2.596715e+000 467
8 -2.596217e+000 467
9 -2.580784e+000 467
10 -2.585707e+000 467
11 -2.583717e+000 467
12 -2.560870e+000 467
13 -2.580557e+000 467
14 -2.569504e+000 467
15 -2.544627e+000 467
16 -2.579431e+000 467
17 -2.555053e+000 467
18 -2.545743e+000 467
19 -2.575484e+000 467
20 -2.560017e+000 467
21 -2.557988e+000 467
22 -2.585724e+000 467
23 -2.566836e+000 467
24 -2.565829e+000 467
25 -2.582500e+000 467
26 -2.569304e+000 467
27 -2.577608e+000 467
28 -2.575389e+000 467
29 -2.564716e+000 467
30 -2.575001e+000 467
31 -2.556623e+000 467
32 -2.567093e+000 467
33 -2.564325e+000 467
34 -2.554353e+000 467
35 -2.567750e+000 467
36 -2.563857e+000 467
37 -2.558515e+000 467
38 -2.577793e+000 467
39 -2.556697e+000 467
40 -2.568496e+000 467
41 -2.574086e+000 467
42 -2.550549e+000 467
43 -2.584114e+000 467
44 -2.568776e+000 467
45 -2.553085e+000 467
46 -2.572271e+000 467
47 -2.559843e+000 467
48 -2.556031e+000 467
49 -2.560842e+000 467
50 -2.564537e+000 467
51 -2.558980e+000 467
52 -2.554838e+000 467
53 -2.560038e+000 467
54 -2.559214e+000 467
55 -2.553894e+000 467
56 -2.550255e+000 467
57 -2.545177e+000 467
58 -2.558169e+000 467
59 -2.544694e+000 467
60 -2.556118e+000 467
61 -2.557020e+000 467
62 -2.547736e+000 467
63 -2.567350e+000 467
64 -2.559664e+000 467
65 -2.557840e+000 467
66 -2.557643e+000 467
67 -2.552827e+000 467
68 -2.560122e+000 467
69 -2.549233e+000 467
70 -2.543540e+000 467
71 -2.541638e+000 467
72 -2.537353e+000 467
73 -2.549015e+000 467
74 -2.542931e+000 467
75 -2.537143e+000 467
76 -2.555604e+000 467
77 -2.540864e+000 467
78 -2.531417e+000 467
79 -2.557747e+000 467
80 -2.549883e+000 467
81 -2.531993e+000 467
82 -2.549427e+000 467
83 -2.538526e+000 467
84 -2.526684e+000 467
85 -2.554522e+000 467
86 -2.552300e+000 467
87 -2.528368e+000 467
88 -2.548533e+000 467
89 -2.543673e+000 467
90 -2.539561e+000 467
91 -2.547062e+000 467
92 -2.539491e+000 467
93 -2.537267e+000 467
94 -2.549408e+000 467
95 -2.540217e+000 467
96 -2.548168e+000 467
97 -2.553590e+000 467
98 -2.557506e+000 467
99 -2.546857e+000 467
100 -2.557887e+000 467

