#epsilon= 1.962519e-004  dim= 3
0 -7.271166e+000 13
1 -2.816128e+000 13
2 -2.943780e+000 13
3 -2.479016e+000 13
4 -2.691558e+000 13
5 -2.858088e+000 13
6 -3.771605e+000 13
7 -2.875300e+000 13
8 -2.789714e+000 13
9 -2.475350e+000 13
10 -2.790558e+000 13
11 -2.748767e+000 13
12 -3.173817e+000 13
13 -2.858366e+000 13
14 -2.892877e+000 13
15 -2.653610e+000 13
16 -2.774821e+000 13
17 -2.782917e+000 13
18 -2.952099e+000 13
19 -2.910511e+000 13
20 -2.786937e+000 13
21 -2.891016e+000 13
22 -2.716821e+000 13
23 -2.825977e+000 13
24 -2.954962e+000 13
25 -2.869574e+000 13
26 -2.513634e+000 13
27 -2.979610e+000 13
28 -2.776993e+000 13
29 -2.826807e+000 13
30 -2.779269e+000 13
31 -2.799521e+000 13
32 -2.512914e+000 13
33 -3.053310e+000 13
34 -2.790203e+000 13
35 -2.537303e+000 13
36 -2.537508e+000 13
37 -2.827695e+000 13
38 -2.537981e+000 13
39 -3.013787e+000 13
40 -2.574816e+000 13
41 -2.392446e+000 13
42 -2.468542e+000 13
43 -2.669299e+000 13
44 -2.453218e+000 13
45 -2.667161e+000 13
46 -2.617496e+000 13
47 -2.739339e+000 13
48 -2.353585e+000 13
49 -2.751797e+000 13
50 -2.413325e+000 13
51 -2.515770e+000 13
52 -2.409909e+000 13
53 -2.811880e+000 13
54 -2.326256e+000 13
55 -2.644147e+000 13
56 -2.434661e+000 13
57 -2.642194e+000 13
58 -2.778275e+000 13
59 -2.838566e+000 13
60 -2.398308e+000 13
61 -2.653938e+000 13
62 -2.530331e+000 13
63 -2.707445e+000 13
64 -2.631457e+000 13
65 -2.592439e+000 13
66 -2.387224e+000 13
67 -2.754871e+000 13
68 -2.377150e+000 13
69 -2.818568e+000 13
70 -2.569684e+000 13
71 -2.438867e+000 13
72 -2.495707e+000 13
73 -2.683061e+000 13
74 -2.341688e+000 13
75 -2.663285e+000 13
76 -2.500119e+000 13
77 -2.281868e+000 13
78 -2.480926e+000 13
79 -2.848459e+000 13
80 -2.239748e+000 13
81 -2.714875e+000 13
82 -2.576870e+000 13
83 -2.444851e+000 13
84 -2.524095e+000 13
85 -2.869990e+000 13
86 -2.339482e+000 13
87 -2.434623e+000 13
88 -2.513828e+000 13
89 -2.588120e+000 13
90 -2.469347e+000 13
91 -2.683584e+000 13
92 -2.370484e+000 13
93 -2.411393e+000 13
94 -2.523384e+000 13
95 -2.539890e+000 13
96 -2.450811e+000 13
97 -2.619033e+000 13
98 -2.417716e+000 13
99 -2.271753e+000 13
100 -2.468274e+000 13

#epsilon= 1.962519e-004  dim= 4

#epsilon= 1.962519e-004  dim= 5

#epsilon= 1.962519e-004  dim= 6

#epsilon= 1.962519e-004  dim= 7

#epsilon= 1.962519e-004  dim= 8

#epsilon= 1.962519e-004  dim= 9

#epsilon= 1.962519e-004  dim= 10

#epsilon= 3.489908e-004  dim= 3
0 -6.652930e+000 68
1 -2.696068e+000 68
2 -2.767050e+000 68
3 -2.593246e+000 68
4 -2.643713e+000 68
5 -2.769918e+000 68
6 -3.566214e+000 68
7 -2.729447e+000 68
8 -2.742128e+000 68
9 -2.485594e+000 68
10 -2.658217e+000 68
11 -2.675234e+000 68
12 -2.984864e+000 68
13 -2.690421e+000 68
14 -2.747577e+000 68
15 -2.516458e+000 68
16 -2.631328e+000 68
17 -2.685949e+000 68
18 -2.669902e+000 68
19 -2.665765e+000 68
20 -2.692157e+000 68
21 -2.632819e+000 68
22 -2.557209e+000 68
23 -2.601652e+000 68
24 -2.644270e+000 68
25 -2.631238e+000 68
26 -2.573779e+000 68
27 -2.682816e+000 68
28 -2.590864e+000 68
29 -2.586555e+000 68
30 -2.536456e+000 68
31 -2.525985e+000 68
32 -2.558164e+000 68
33 -2.668642e+000 68
34 -2.623938e+000 68
35 -2.563047e+000 68
36 -2.531706e+000 68
37 -2.589071e+000 68
38 -2.543213e+000 68
39 -2.653485e+000 68
40 -2.613921e+000 68
41 -2.518907e+000 68
42 -2.523557e+000 68
43 -2.601438e+000 68
44 -2.533069e+000 68
45 -2.579563e+000 68
46 -2.655475e+000 68
47 -2.541257e+000 68
48 -2.530678e+000 68
49 -2.643076e+000 68
50 -2.461645e+000 68
51 -2.563217e+000 68
52 -2.521695e+000 68
53 -2.588435e+000 68
54 -2.486090e+000 68
55 -2.527239e+000 68
56 -2.504538e+000 68
57 -2.555506e+000 68
58 -2.565790e+000 68
59 -2.635177e+000 68
60 -2.532910e+000 68
61 -2.566164e+000 68
62 -2.494213e+000 68
63 -2.596342e+000 68
64 -2.505950e+000 68
65 -2.581002e+000 68
66 -2.469491e+000 68
67 -2.504749e+000 68
68 -2.453068e+000 68
69 -2.599252e+000 68
70 -2.477526e+000 68
71 -2.444858e+000 68
72 -2.482863e+000 68
73 -2.510599e+000 68
74 -2.378770e+000 68
75 -2.538343e+000 68
76 -2.421216e+000 68
77 -2.362340e+000 68
78 -2.438963e+000 68
79 -2.457671e+000 68
80 -2.417438e+000 68
81 -2.557945e+000 68
82 -2.469859e+000 68
83 -2.393311e+000 68
84 -2.500230e+000 68
85 -2.507481e+000 68
86 -2.446287e+000 68
87 -2.485903e+000 68
88 -2.582977e+000 68
89 -2.543046e+000 68
90 -2.489147e+000 68
91 -2.591064e+000 68
92 -2.521118e+000 68
93 -2.521295e+000 68
94 -2.618295e+000 68
95 -2.590001e+000 68
96 -2.433854e+000 68
97 -2.630277e+000 68
98 -2.508143e+000 68
99 -2.475772e+000 68
100 -2.561442e+000 68

#epsilon= 3.489908e-004  dim= 4
0 -6.502709e+000 1
1 -2.113241e+000 1
2 -2.968866e+000 1
3 -2.688201e+000 1
4 -2.625700e+000 1
5 -3.087427e+000 1
6 -3.047224e+000 1
7 -2.099398e+000 1
8 -3.094795e+000 1
9 -2.500083e+000 1
10 -2.565945e+000 1
11 -2.527467e+000 1
12 -2.607221e+000 1
13 -2.094321e+000 1
14 -3.084296e+000 1
15 -2.592747e+000 1
16 -2.481444e+000 1
17 -2.279553e+000 1
18 -2.603083e+000 1
19 -2.440710e+000 1
20 -1.319162e+000 1
21 -2.708760e+000 1
22 -2.413407e+000 1
23 -1.723707e+000 1
24 -2.043066e+000 1
25 -1.877242e+000 1
26 -1.311346e+000 1
27 -3.022451e+000 1
28 -2.396755e+000 1
29 -1.742756e+000 1
30 -2.109315e+000 1
31 -1.834133e+000 1
32 -1.310297e+000 1
33 -3.427896e+000 1
34 -2.425831e+000 1
35 -1.830086e+000 1
36 -2.195833e+000 1
37 -1.836428e+000 1
38 -1.308245e+000 1
39 -2.853718e+000 1
40 -3.179849e+000 1
41 -1.840658e+000 1
42 -2.096864e+000 1
43 -1.760707e+000 1
44 -2.526305e+000 1
45 -2.852609e+000 1
46 -2.761005e+000 1
47 -2.598363e+000 1
48 -2.745640e+000 1
49 -2.145071e+000 1
50 -1.591326e+000 1
51 -2.744879e+000 1
52 -2.476916e+000 1
53 -2.599943e+000 1
54 -2.738429e+000 1
55 -2.325873e+000 1
56 -1.582918e+000 1
57 -2.530740e+000 1
58 -2.422042e+000 1
59 -2.609775e+000 1
60 -2.850391e+000 1
61 -2.345442e+000 1
62 -1.548880e+000 1
63 -2.577444e+000 1
64 -2.435024e+000 1
65 -2.662795e+000 1
66 -2.253401e+000 1
67 -3.293309e+000 1
68 -1.468616e+000 1
69 -2.548683e+000 1
70 -2.654877e+000 1
71 -2.865477e+000 1
72 -2.180343e+000 1
73 -3.220138e+000 1
74 -1.968242e+000 1
75 -2.509150e+000 1
76 -3.206704e+000 1
77 -2.352595e+000 1
78 -2.189021e+000 1
79 -3.003146e+000 1
80 -1.990367e+000 1
81 -2.734902e+000 1
82 -3.486629e+000 1
83 -2.213142e+000 1
84 -2.189154e+000 1
85 -2.676844e+000 1
86 -2.069001e+000 1
87 -2.616956e+000 1
88 -3.101056e+000 1
89 -2.357613e+000 1
90 -2.448051e+000 1
91 -2.625876e+000 1
92 -2.661090e+000 1
93 -2.615468e+000 1
94 -2.656744e+000 1
95 -2.361072e+000 1
96 -2.587464e+000 1
97 -2.646801e+000 1
98 -2.383372e+000 1
99 -2.746819e+000 1
100 -2.642417e+000 1

#epsilon= 3.489908e-004  dim= 5

#epsilon= 3.489908e-004  dim= 6

#epsilon= 3.489908e-004  dim= 7

#epsilon= 3.489908e-004  dim= 8

#epsilon= 3.489908e-004  dim= 9

#epsilon= 3.489908e-004  dim= 10

#epsilon= 6.206031e-004  dim= 3
0 -6.072751e+000 190
1 -2.588109e+000 190
2 -2.622784e+000 190
3 -2.547950e+000 190
4 -2.529243e+000 190
5 -2.608768e+000 190
6 -3.483273e+000 190
7 -2.598262e+000 190
8 -2.656880e+000 190
9 -2.553004e+000 190
10 -2.544239e+000 190
11 -2.601966e+000 190
12 -2.894466e+000 190
13 -2.535441e+000 190
14 -2.611884e+000 190
15 -2.586171e+000 190
16 -2.547524e+000 190
17 -2.628303e+000 190
18 -2.587328e+000 190
19 -2.510721e+000 190
20 -2.550674e+000 190
21 -2.603023e+000 190
22 -2.528729e+000 190
23 -2.592741e+000 190
24 -2.547964e+000 190
25 -2.506728e+000 190
26 -2.497770e+000 190
27 -2.592872e+000 190
28 -2.527244e+000 190
29 -2.514087e+000 190
30 -2.507741e+000 190
31 -2.503628e+000 190
32 -2.524203e+000 190
33 -2.555262e+000 190
34 -2.515022e+000 190
35 -2.483590e+000 190
36 -2.500771e+000 190
37 -2.523833e+000 190
38 -2.533015e+000 190
39 -2.525183e+000 190
40 -2.546077e+000 190
41 -2.481346e+000 190
42 -2.520432e+000 190
43 -2.526637e+000 190
44 -2.560514e+000 190
45 -2.493813e+000 190
46 -2.593885e+000 190
47 -2.545243e+000 190
48 -2.510744e+000 190
49 -2.618000e+000 190
50 -2.511552e+000 190
51 -2.482042e+000 190
52 -2.529628e+000 190
53 -2.541957e+000 190
54 -2.465172e+000 190
55 -2.569115e+000 190
56 -2.531778e+000 190
57 -2.507506e+000 190
58 -2.538021e+000 190
59 -2.584698e+000 190
60 -2.466247e+000 190
61 -2.553639e+000 190
62 -2.536272e+000 190
63 -2.549375e+000 190
64 -2.521399e+000 190
65 -2.564795e+000 190
66 -2.462194e+000 190
67 -2.538594e+000 190
68 -2.538370e+000 190
69 -2.575314e+000 190
70 -2.511535e+000 190
71 -2.539361e+000 190
72 -2.492675e+000 190
73 -2.480888e+000 190
74 -2.535419e+000 190
75 -2.525678e+000 190
76 -2.457953e+000 190
77 -2.492907e+000 190
78 -2.493581e+000 190
79 -2.440021e+000 190
80 -2.540324e+000 190
81 -2.539477e+000 190
82 -2.463314e+000 190
83 -2.482483e+000 190
84 -2.500198e+000 190
85 -2.429784e+000 190
86 -2.536835e+000 190
87 -2.533401e+000 190
88 -2.475540e+000 190
89 -2.501333e+000 190
90 -2.496360e+000 190
91 -2.435897e+000 190
92 -2.538306e+000 190
93 -2.571916e+000 190
94 -2.503699e+000 190
95 -2.475254e+000 190
96 -2.497382e+000 190
97 -2.503907e+000 190
98 -2.524366e+000 190
99 -2.533417e+000 190
100 -2.517461e+000 190

#epsilon= 6.206031e-004  dim= 4
0 -5.990050e+000 22
1 -2.600265e+000 22
2 -2.490791e+000 22
3 -2.384753e+000 22
4 -2.511451e+000 22
5 -2.482421e+000 22
6 -3.558407e+000 22
7 -2.536161e+000 22
8 -2.421908e+000 22
9 -2.488295e+000 22
10 -2.388047e+000 22
11 -2.340630e+000 22
12 -3.003539e+000 22
13 -2.453752e+000 22
14 -2.465686e+000 22
15 -2.467406e+000 22
16 -2.361348e+000 22
17 -2.424485e+000 22
18 -2.860105e+000 22
19 -2.451320e+000 22
20 -2.416378e+000 22
21 -2.360693e+000 22
22 -2.235401e+000 22
23 -2.497012e+000 22
24 -2.598783e+000 22
25 -2.332254e+000 22
26 -2.396612e+000 22
27 -2.427201e+000 22
28 -2.315954e+000 22
29 -2.489161e+000 22
30 -2.609587e+000 22
31 -2.437594e+000 22
32 -2.491472e+000 22
33 -2.460130e+000 22
34 -2.390627e+000 22
35 -2.484520e+000 22
36 -2.538033e+000 22
37 -2.487780e+000 22
38 -2.510306e+000 22
39 -2.463672e+000 22
40 -2.331973e+000 22
41 -2.482444e+000 22
42 -2.532129e+000 22
43 -2.531933e+000 22
44 -2.407299e+000 22
45 -2.352447e+000 22
46 -2.526872e+000 22
47 -2.498654e+000 22
48 -2.611611e+000 22
49 -2.650392e+000 22
50 -2.371149e+000 22
51 -2.370951e+000 22
52 -2.460390e+000 22
53 -2.574837e+000 22
54 -2.479041e+000 22
55 -2.400751e+000 22
56 -2.404485e+000 22
57 -2.433093e+000 22
58 -2.366418e+000 22
59 -2.754604e+000 22
60 -2.435952e+000 22
61 -2.315864e+000 22
62 -2.424369e+000 22
63 -2.347995e+000 22
64 -2.441448e+000 22
65 -2.686698e+000 22
66 -2.263924e+000 22
67 -2.357336e+000 22
68 -2.462764e+000 22
69 -2.385360e+000 22
70 -2.288764e+000 22
71 -2.763040e+000 22
72 -2.193820e+000 22
73 -2.232170e+000 22
74 -2.336017e+000 22
75 -2.348111e+000 22
76 -2.142462e+000 22
77 -2.523084e+000 22
78 -2.296634e+000 22
79 -2.273073e+000 22
80 -2.207511e+000 22
81 -2.351489e+000 22
82 -2.218106e+000 22
83 -2.315814e+000 22
84 -2.191325e+000 22
85 -2.299722e+000 22
86 -2.188751e+000 22
87 -2.236359e+000 22
88 -2.078414e+000 22
89 -2.323427e+000 22
90 -2.268505e+000 22
91 -2.309069e+000 22
92 -2.237940e+000 22
93 -2.266771e+000 22
94 -2.182714e+000 22
95 -2.221767e+000 22
96 -2.372651e+000 22
97 -2.347943e+000 22
98 -2.280944e+000 22
99 -2.217791e+000 22
100 -2.280103e+000 22

#epsilon= 6.206031e-004  dim= 5
0 -5.897422e+000 1
1 -2.580047e+000 1
2 -1.919043e+000 1
3 -2.261960e+000 1
4 -2.130136e+000 1
5 -2.028960e+000 1
6 -2.476397e+000 1
7 -1.829634e+000 1
8 -1.694106e+000 1
9 -2.435069e+000 1
10 -2.067325e+000 1
11 -2.034654e+000 1
12 -2.422082e+000 1
13 -1.834879e+000 1
14 -1.822229e+000 1
15 -2.544694e+000 1
16 -1.985012e+000 1
17 -2.738728e+000 1
18 -2.422131e+000 1
19 -1.821842e+000 1
20 -1.786093e+000 1
21 -2.260699e+000 1
22 -1.666774e+000 1
23 -2.985043e+000 1
24 -2.278643e+000 1
25 -1.843217e+000 1
26 -1.845064e+000 1
27 -1.731869e+000 1
28 -1.860299e+000 1
29 -2.839905e+000 1
30 -2.278385e+000 1
31 -1.830134e+000 1
32 -2.010640e+000 1
33 -1.767355e+000 1
34 -1.836574e+000 1
35 -2.808070e+000 1
36 -2.816180e+000 1
37 -2.474737e+000 1
38 -2.462990e+000 1
39 -1.765576e+000 1
40 -1.869315e+000 1
41 -2.968603e+000 1
42 -2.845622e+000 1
43 -2.534223e+000 1
44 -2.340635e+000 1
45 -1.786109e+000 1
46 -1.941241e+000 1
47 -2.971996e+000 1
48 -2.836388e+000 1
49 -2.412771e+000 1
50 -2.310197e+000 1
51 -1.742371e+000 1
52 -2.555963e+000 1
53 -2.848665e+000 1
54 -3.251145e+000 1
55 -2.398335e+000 1
56 -2.340413e+000 1
57 -2.316317e+000 1
58 -2.707516e+000 1
59 -3.178735e+000 1
60 -2.672087e+000 1
61 -2.584554e+000 1
62 -2.233884e+000 1
63 -2.298645e+000 1
64 -2.770773e+000 1
65 -2.869342e+000 1
66 -1.906601e+000 1
67 -2.733833e+000 1
68 -2.222269e+000 1
69 -2.247789e+000 1
70 -4.708241e-001 1
71 -2.317946e+000 1
72 -1.653234e+000 1
73 -1.578150e+000 1
74 -1.718516e+000 1
75 -2.078486e+000 1
76 -4.707225e-001 1
77 -2.144998e+000 1
78 -1.590287e+000 1
79 -1.599764e+000 1
80 -1.678226e+000 1
81 -1.862881e+000 1
82 -4.640262e-001 1
83 -2.162322e+000 1
84 -1.506251e+000 1
85 -1.533039e+000 1
86 -1.677636e+000 1
87 -1.807731e+000 1
88 -4.641170e-001 1
89 -2.111755e+000 1
90 -1.518584e+000 1
91 -1.488526e+000 1
92 -1.648009e+000 1
93 -1.814728e+000 1
94 -4.623945e-001 1
95 -2.159622e+000 1
96 -1.735844e+000 1
97 -1.492625e+000 1
98 -1.689405e+000 1
99 -1.850452e+000 1
100 -2.294323e+000 1

#epsilon= 6.206031e-004  dim= 6

#epsilon= 6.206031e-004  dim= 7

#epsilon= 6.206031e-004  dim= 8

#epsilon= 6.206031e-004  dim= 9

#epsilon= 6.206031e-004  dim= 10

#epsilon= 1.103606e-003  dim= 3
0 -5.472289e+000 340
1 -2.533302e+000 340
2 -2.516365e+000 340
3 -2.508298e+000 340
4 -2.474193e+000 340
5 -2.507223e+000 340
6 -3.269915e+000 340
7 -2.492451e+000 340
8 -2.509358e+000 340
9 -2.482689e+000 340
10 -2.455469e+000 340
11 -2.516507e+000 340
12 -2.746786e+000 340
13 -2.468301e+000 340
14 -2.493526e+000 340
15 -2.460403e+000 340
16 -2.434117e+000 340
17 -2.506503e+000 340
18 -2.477934e+000 340
19 -2.428518e+000 340
20 -2.461290e+000 340
21 -2.449710e+000 340
22 -2.442365e+000 340
23 -2.475485e+000 340
24 -2.477290e+000 340
25 -2.411903e+000 340
26 -2.431721e+000 340
27 -2.454229e+000 340
28 -2.404945e+000 340
29 -2.441126e+000 340
30 -2.490910e+000 340
31 -2.417870e+000 340
32 -2.446482e+000 340
33 -2.442764e+000 340
34 -2.420289e+000 340
35 -2.428072e+000 340
36 -2.479705e+000 340
37 -2.424293e+000 340
38 -2.449525e+000 340
39 -2.438679e+000 340
40 -2.432958e+000 340
41 -2.430516e+000 340
42 -2.473449e+000 340
43 -2.435018e+000 340
44 -2.472297e+000 340
45 -2.465879e+000 340
46 -2.474717e+000 340
47 -2.449428e+000 340
48 -2.467959e+000 340
49 -2.446175e+000 340
50 -2.484838e+000 340
51 -2.474214e+000 340
52 -2.453737e+000 340
53 -2.460558e+000 340
54 -2.421060e+000 340
55 -2.467667e+000 340
56 -2.479290e+000 340
57 -2.472508e+000 340
58 -2.438633e+000 340
59 -2.449099e+000 340
60 -2.433762e+000 340
61 -2.467688e+000 340
62 -2.464715e+000 340
63 -2.453473e+000 340
64 -2.416203e+000 340
65 -2.453310e+000 340
66 -2.425910e+000 340
67 -2.482435e+000 340
68 -2.477214e+000 340
69 -2.455643e+000 340
70 -2.421635e+000 340
71 -2.447656e+000 340
72 -2.452463e+000 340
73 -2.457335e+000 340
74 -2.454504e+000 340
75 -2.434192e+000 340
76 -2.431761e+000 340
77 -2.413119e+000 340
78 -2.441046e+000 340
79 -2.449201e+000 340
80 -2.448021e+000 340
81 -2.427557e+000 340
82 -2.447251e+000 340
83 -2.412763e+000 340
84 -2.429386e+000 340
85 -2.442955e+000 340
86 -2.446093e+000 340
87 -2.426968e+000 340
88 -2.452652e+000 340
89 -2.435754e+000 340
90 -2.434993e+000 340
91 -2.445919e+000 340
92 -2.469984e+000 340
93 -2.440025e+000 340
94 -2.454274e+000 340
95 -2.450486e+000 340
96 -2.409986e+000 340
97 -2.458904e+000 340
98 -2.482759e+000 340
99 -2.454484e+000 340
100 -2.414980e+000 340

#epsilon= 1.103606e-003  dim= 4
0 -5.498177e+000 82
1 -2.465789e+000 82
2 -2.407603e+000 82
3 -2.446804e+000 82
4 -2.441505e+000 82
5 -2.463073e+000 82
6 -3.491278e+000 82
7 -2.417040e+000 82
8 -2.387529e+000 82
9 -2.424172e+000 82
10 -2.348008e+000 82
11 -2.416922e+000 82
12 -2.859134e+000 82
13 -2.390907e+000 82
14 -2.437347e+000 82
15 -2.414250e+000 82
16 -2.328445e+000 82
17 -2.383117e+000 82
18 -2.589707e+000 82
19 -2.354287e+000 82
20 -2.406470e+000 82
21 -2.338126e+000 82
22 -2.242949e+000 82
23 -2.344110e+000 82
24 -2.416248e+000 82
25 -2.290121e+000 82
26 -2.382341e+000 82
27 -2.340296e+000 82
28 -2.250203e+000 82
29 -2.329282e+000 82
30 -2.441606e+000 82
31 -2.286657e+000 82
32 -2.403169e+000 82
33 -2.378533e+000 82
34 -2.269525e+000 82
35 -2.388276e+000 82
36 -2.467054e+000 82
37 -2.333493e+000 82
38 -2.414939e+000 82
39 -2.363053e+000 82
40 -2.309724e+000 82
41 -2.373599e+000 82
42 -2.471394e+000 82
43 -2.310882e+000 82
44 -2.466154e+000 82
45 -2.376500e+000 82
46 -2.416433e+000 82
47 -2.408476e+000 82
48 -2.464153e+000 82
49 -2.355648e+000 82
50 -2.372614e+000 82
51 -2.390413e+000 82
52 -2.421291e+000 82
53 -2.452140e+000 82
54 -2.426596e+000 82
55 -2.338431e+000 82
56 -2.371838e+000 82
57 -2.364437e+000 82
58 -2.406657e+000 82
59 -2.454979e+000 82
60 -2.391201e+000 82
61 -2.281802e+000 82
62 -2.390257e+000 82
63 -2.382005e+000 82
64 -2.354245e+000 82
65 -2.409418e+000 82
66 -2.316107e+000 82
67 -2.332919e+000 82
68 -2.380701e+000 82
69 -2.357900e+000 82
70 -2.287745e+000 82
71 -2.443067e+000 82
72 -2.303446e+000 82
73 -2.304522e+000 82
74 -2.356265e+000 82
75 -2.294542e+000 82
76 -2.288045e+000 82
77 -2.407396e+000 82
78 -2.320102e+000 82
79 -2.341321e+000 82
80 -2.305239e+000 82
81 -2.324253e+000 82
82 -2.335605e+000 82
83 -2.379762e+000 82
84 -2.278602e+000 82
85 -2.311480e+000 82
86 -2.316744e+000 82
87 -2.304015e+000 82
88 -2.332888e+000 82
89 -2.411668e+000 82
90 -2.336002e+000 82
91 -2.327321e+000 82
92 -2.315348e+000 82
93 -2.297872e+000 82
94 -2.329209e+000 82
95 -2.361459e+000 82
96 -2.368260e+000 82
97 -2.345719e+000 82
98 -2.325687e+000 82
99 -2.294781e+000 82
100 -2.318088e+000 82

#epsilon= 1.103606e-003  dim= 5
0 -5.433249e+000 3
1 -2.454864e+000 3
2 -2.211971e+000 3
3 -2.404636e+000 3
4 -2.119293e+000 3
5 -2.375850e+000 3
6 -3.488019e+000 3
7 -2.236982e+000 3
8 -2.128039e+000 3
9 -2.561796e+000 3
10 -2.058843e+000 3
11 -2.272869e+000 3
12 -2.832214e+000 3
13 -2.155806e+000 3
14 -2.147684e+000 3
15 -2.469639e+000 3
16 -1.919775e+000 3
17 -2.323217e+000 3
18 -2.688956e+000 3
19 -2.395151e+000 3
20 -1.788985e+000 3
21 -2.311210e+000 3
22 -1.803661e+000 3
23 -2.352218e+000 3
24 -2.478532e+000 3
25 -2.039413e+000 3
26 -1.801558e+000 3
27 -2.127405e+000 3
28 -1.866628e+000 3
29 -2.284144e+000 3
30 -2.461564e+000 3
31 -2.049190e+000 3
32 -1.973663e+000 3
33 -2.110820e+000 3
34 -2.290863e+000 3
35 -2.262360e+000 3
36 -2.574909e+000 3
37 -2.239568e+000 3
38 -2.053820e+000 3
39 -2.030329e+000 3
40 -2.079055e+000 3
41 -2.341558e+000 3
42 -2.486071e+000 3
43 -2.379370e+000 3
44 -2.026622e+000 3
45 -2.112360e+000 3
46 -2.301843e+000 3
47 -2.430144e+000 3
48 -2.482927e+000 3
49 -2.156954e+000 3
50 -2.324894e+000 3
51 -2.158597e+000 3
52 -2.506267e+000 3
53 -2.560416e+000 3
54 -2.668324e+000 3
55 -2.452295e+000 3
56 -2.373178e+000 3
57 -2.362614e+000 3
58 -2.501450e+000 3
59 -2.505258e+000 3
60 -2.401592e+000 3
61 -2.358907e+000 3
62 -2.268847e+000 3
63 -2.438661e+000 3
64 -2.496275e+000 3
65 -2.367925e+000 3
66 -2.062748e+000 3
67 -2.459217e+000 3
68 -2.391798e+000 3
69 -2.316060e+000 3
70 -1.950857e+000 3
71 -2.242149e+000 3
72 -2.134810e+000 3
73 -1.964727e+000 3
74 -2.415114e+000 3
75 -2.369988e+000 3
76 -1.941785e+000 3
77 -2.205323e+000 3
78 -2.103218e+000 3
79 -2.085603e+000 3
80 -2.425196e+000 3
81 -2.217187e+000 3
82 -1.792959e+000 3
83 -1.986423e+000 3
84 -2.091659e+000 3
85 -2.026956e+000 3
86 -2.278622e+000 3
87 -2.132909e+000 3
88 -1.764914e+000 3
89 -2.027258e+000 3
90 -2.080649e+000 3
91 -2.022001e+000 3
92 -2.211149e+000 3
93 -2.129927e+000 3
94 -1.735013e+000 3
95 -1.987537e+000 3
96 -2.343608e+000 3
97 -2.025038e+000 3
98 -2.247015e+000 3
99 -2.335491e+000 3
100 -2.126329e+000 3

#epsilon= 1.103606e-003  dim= 6

#epsilon= 1.103606e-003  dim= 7

#epsilon= 1.103606e-003  dim= 8

#epsilon= 1.103606e-003  dim= 9

#epsilon= 1.103606e-003  dim= 10

#epsilon= 1.962519e-003  dim= 3
0 -4.868362e+000 444
1 -2.442340e+000 444
2 -2.441480e+000 444
3 -2.406200e+000 444
4 -2.405243e+000 444
5 -2.416093e+000 444
6 -3.080810e+000 444
7 -2.425275e+000 444
8 -2.429275e+000 444
9 -2.383214e+000 444
10 -2.395490e+000 444
11 -2.412260e+000 444
12 -2.655927e+000 444
13 -2.392129e+000 444
14 -2.406670e+000 444
15 -2.375725e+000 444
16 -2.385505e+000 444
17 -2.411029e+000 444
18 -2.412129e+000 444
19 -2.370309e+000 444
20 -2.397091e+000 444
21 -2.367543e+000 444
22 -2.391068e+000 444
23 -2.409719e+000 444
24 -2.401087e+000 444
25 -2.368645e+000 444
26 -2.375233e+000 444
27 -2.372962e+000 444
28 -2.394526e+000 444
29 -2.409853e+000 444
30 -2.407982e+000 444
31 -2.383877e+000 444
32 -2.388064e+000 444
33 -2.380866e+000 444
34 -2.402198e+000 444
35 -2.407051e+000 444
36 -2.402304e+000 444
37 -2.402316e+000 444
38 -2.396747e+000 444
39 -2.393024e+000 444
40 -2.406856e+000 444
41 -2.398363e+000 444
42 -2.415965e+000 444
43 -2.401930e+000 444
44 -2.413945e+000 444
45 -2.397272e+000 444
46 -2.401152e+000 444
47 -2.392042e+000 444
48 -2.388744e+000 444
49 -2.405986e+000 444
50 -2.417698e+000 444
51 -2.401708e+000 444
52 -2.395625e+000 444
53 -2.399936e+000 444
54 -2.379152e+000 444
55 -2.403421e+000 444
56 -2.401920e+000 444
57 -2.399596e+000 444
58 -2.394684e+000 444
59 -2.405274e+000 444
60 -2.371852e+000 444
61 -2.399219e+000 444
62 -2.393530e+000 444
63 -2.398399e+000 444
64 -2.388548e+000 444
65 -2.411360e+000 444
66 -2.378774e+000 444
67 -2.398466e+000 444
68 -2.371775e+000 444
69 -2.382127e+000 444
70 -2.391505e+000 444
71 -2.404474e+000 444
72 -2.402706e+000 444
73 -2.389248e+000 444
74 -2.378851e+000 444
75 -2.367875e+000 444
76 -2.382643e+000 444
77 -2.396989e+000 444
78 -2.397652e+000 444
79 -2.387810e+000 444
80 -2.382529e+000 444
81 -2.355116e+000 444
82 -2.387776e+000 444
83 -2.389739e+000 444
84 -2.385833e+000 444
85 -2.390004e+000 444
86 -2.392896e+000 444
87 -2.364577e+000 444
88 -2.373649e+000 444
89 -2.381434e+000 444
90 -2.378475e+000 444
91 -2.389618e+000 444
92 -2.379749e+000 444
93 -2.363976e+000 444
94 -2.361907e+000 444
95 -2.383272e+000 444
96 -2.376356e+000 444
97 -2.396081e+000 444
98 -2.381764e+000 444
99 -2.379407e+000 444
100 -2.352448e+000 444

#epsilon= 1.962519e-003  dim= 4
0 -4.833111e+000 256
1 -2.374361e+000 256
2 -2.355842e+000 256
3 -2.299841e+000 256
4 -2.350844e+000 256
5 -2.388559e+000 256
6 -3.241786e+000 256
7 -2.340676e+000 256
8 -2.355833e+000 256
9 -2.314463e+000 256
10 -2.327658e+000 256
11 -2.383411e+000 256
12 -2.741173e+000 256
13 -2.290143e+000 256
14 -2.334200e+000 256
15 -2.326448e+000 256
16 -2.304743e+000 256
17 -2.355311e+000 256
18 -2.487516e+000 256
19 -2.275893e+000 256
20 -2.305289e+000 256
21 -2.290087e+000 256
22 -2.277834e+000 256
23 -2.346809e+000 256
24 -2.307990e+000 256
25 -2.258347e+000 256
26 -2.281345e+000 256
27 -2.289416e+000 256
28 -2.259439e+000 256
29 -2.320309e+000 256
30 -2.327629e+000 256
31 -2.272140e+000 256
32 -2.282599e+000 256
33 -2.290639e+000 256
34 -2.260582e+000 256
35 -2.305947e+000 256
36 -2.339771e+000 256
37 -2.279394e+000 256
38 -2.284506e+000 256
39 -2.285617e+000 256
40 -2.272688e+000 256
41 -2.297274e+000 256
42 -2.325089e+000 256
43 -2.277985e+000 256
44 -2.318870e+000 256
45 -2.303876e+000 256
46 -2.270493e+000 256
47 -2.301027e+000 256
48 -2.309552e+000 256
49 -2.285294e+000 256
50 -2.319077e+000 256
51 -2.291283e+000 256
52 -2.281755e+000 256
53 -2.318798e+000 256
54 -2.297566e+000 256
55 -2.298087e+000 256
56 -2.333519e+000 256
57 -2.308327e+000 256
58 -2.291146e+000 256
59 -2.309464e+000 256
60 -2.260649e+000 256
61 -2.314501e+000 256
62 -2.336687e+000 256
63 -2.308463e+000 256
64 -2.287613e+000 256
65 -2.306464e+000 256
66 -2.262018e+000 256
67 -2.299052e+000 256
68 -2.316991e+000 256
69 -2.295858e+000 256
70 -2.288941e+000 256
71 -2.295164e+000 256
72 -2.261234e+000 256
73 -2.253421e+000 256
74 -2.312205e+000 256
75 -2.278738e+000 256
76 -2.271708e+000 256
77 -2.280551e+000 256
78 -2.244999e+000 256
79 -2.266635e+000 256
80 -2.313263e+000 256
81 -2.281019e+000 256
82 -2.266508e+000 256
83 -2.296933e+000 256
84 -2.262469e+000 256
85 -2.245553e+000 256
86 -2.306414e+000 256
87 -2.289948e+000 256
88 -2.244407e+000 256
89 -2.276903e+000 256
90 -2.256686e+000 256
91 -2.283083e+000 256
92 -2.306172e+000 256
93 -2.289988e+000 256
94 -2.255240e+000 256
95 -2.285527e+000 256
96 -2.263140e+000 256
97 -2.319260e+000 256
98 -2.307661e+000 256
99 -2.298754e+000 256
100 -2.250908e+000 256

#epsilon= 1.962519e-003  dim= 5
0 -4.817642e+000 72
1 -2.305255e+000 72
2 -2.358717e+000 72
3 -2.204231e+000 72
4 -2.316949e+000 72
5 -2.387441e+000 72
6 -3.303727e+000 72
7 -2.267417e+000 72
8 -2.355153e+000 72
9 -2.208852e+000 72
10 -2.309114e+000 72
11 -2.363779e+000 72
12 -2.851209e+000 72
13 -2.250285e+000 72
14 -2.299188e+000 72
15 -2.252696e+000 72
16 -2.191598e+000 72
17 -2.289267e+000 72
18 -2.577065e+000 72
19 -2.198439e+000 72
20 -2.267859e+000 72
21 -2.209503e+000 72
22 -2.150011e+000 72
23 -2.276187e+000 72
24 -2.340012e+000 72
25 -2.159169e+000 72
26 -2.215649e+000 72
27 -2.167157e+000 72
28 -2.120642e+000 72
29 -2.210295e+000 72
30 -2.199507e+000 72
31 -2.141281e+000 72
32 -2.172309e+000 72
33 -2.164244e+000 72
34 -2.113660e+000 72
35 -2.193860e+000 72
36 -2.234171e+000 72
37 -2.139186e+000 72
38 -2.145225e+000 72
39 -2.140660e+000 72
40 -2.124979e+000 72
41 -2.176064e+000 72
42 -2.243151e+000 72
43 -2.168988e+000 72
44 -2.160980e+000 72
45 -2.136878e+000 72
46 -2.232557e+000 72
47 -2.182340e+000 72
48 -2.220256e+000 72
49 -2.188582e+000 72
50 -2.180117e+000 72
51 -2.147819e+000 72
52 -2.239311e+000 72
53 -2.201281e+000 72
54 -2.240067e+000 72
55 -2.209551e+000 72
56 -2.195636e+000 72
57 -2.213893e+000 72
58 -2.256281e+000 72
59 -2.209158e+000 72
60 -2.217300e+000 72
61 -2.217895e+000 72
62 -2.198215e+000 72
63 -2.232668e+000 72
64 -2.229220e+000 72
65 -2.186405e+000 72
66 -2.151080e+000 72
67 -2.217401e+000 72
68 -2.189517e+000 72
69 -2.266739e+000 72
70 -2.158937e+000 72
71 -2.183121e+000 72
72 -2.143562e+000 72
73 -2.166299e+000 72
74 -2.169684e+000 72
75 -2.288492e+000 72
76 -2.115208e+000 72
77 -2.187089e+000 72
78 -2.142732e+000 72
79 -2.200839e+000 72
80 -2.180785e+000 72
81 -2.258202e+000 72
82 -2.137271e+000 72
83 -2.139978e+000 72
84 -2.176895e+000 72
85 -2.266811e+000 72
86 -2.179862e+000 72
87 -2.239153e+000 72
88 -2.126148e+000 72
89 -2.129166e+000 72
90 -2.177578e+000 72
91 -2.268454e+000 72
92 -2.169276e+000 72
93 -2.240187e+000 72
94 -2.184525e+000 72
95 -2.136113e+000 72
96 -2.213555e+000 72
97 -2.240099e+000 72
98 -2.222798e+000 72
99 -2.197201e+000 72
100 -2.199686e+000 72

#epsilon= 1.962519e-003  dim= 6
0 -4.764205e+000 5
1 -2.522937e+000 5
2 -2.401086e+000 5
3 -2.302583e+000 5
4 -2.437504e+000 5
5 -2.319350e+000 5
6 -3.194237e+000 5
7 -2.453588e+000 5
8 -2.374865e+000 5
9 -2.352626e+000 5
10 -2.414119e+000 5
11 -2.285025e+000 5
12 -2.706017e+000 5
13 -2.310332e+000 5
14 -2.278758e+000 5
15 -2.296837e+000 5
16 -2.125970e+000 5
17 -2.235034e+000 5
18 -2.393670e+000 5
19 -2.346254e+000 5
20 -2.125246e+000 5
21 -2.245513e+000 5
22 -2.071629e+000 5
23 -2.317901e+000 5
24 -2.101448e+000 5
25 -2.307071e+000 5
26 -2.149072e+000 5
27 -2.343166e+000 5
28 -2.058901e+000 5
29 -2.224760e+000 5
30 -1.965918e+000 5
31 -2.210150e+000 5
32 -2.120317e+000 5
33 -2.360399e+000 5
34 -2.032125e+000 5
35 -2.113804e+000 5
36 -1.939154e+000 5
37 -2.231635e+000 5
38 -2.034230e+000 5
39 -2.374819e+000 5
40 -2.201142e+000 5
41 -2.153852e+000 5
42 -2.051327e+000 5
43 -2.238802e+000 5
44 -1.791557e+000 5
45 -2.325728e+000 5
46 -2.218591e+000 5
47 -2.192319e+000 5
48 -2.192297e+000 5
49 -2.307844e+000 5
50 -1.813087e+000 5
51 -2.443416e+000 5
52 -2.459038e+000 5
53 -2.183062e+000 5
54 -2.067467e+000 5
55 -2.263282e+000 5
56 -1.876941e+000 5
57 -2.255192e+000 5
58 -2.586744e+000 5
59 -2.362384e+000 5
60 -2.129565e+000 5
61 -2.249402e+000 5
62 -1.850017e+000 5
63 -2.249978e+000 5
64 -2.351511e+000 5
65 -2.311415e+000 5
66 -1.827049e+000 5
67 -2.338990e+000 5
68 -1.789135e+000 5
69 -2.150600e+000 5
70 -2.224441e+000 5
71 -2.380355e+000 5
72 -1.784864e+000 5
73 -2.347664e+000 5
74 -1.925751e+000 5
75 -2.156181e+000 5
76 -2.172937e+000 5
77 -2.320391e+000 5
78 -1.780541e+000 5
79 -2.370972e+000 5
80 -2.070075e+000 5
81 -2.235037e+000 5
82 -2.145930e+000 5
83 -2.260562e+000 5
84 -1.770847e+000 5
85 -2.371478e+000 5
86 -2.068427e+000 5
87 -2.090001e+000 5
88 -2.216213e+000 5
89 -2.251084e+000 5
90 -1.795825e+000 5
91 -2.395053e+000 5
92 -2.228991e+000 5
93 -2.243624e+000 5
94 -2.364956e+000 5
95 -2.211598e+000 5
96 -2.004961e+000 5
97 -2.433383e+000 5
98 -2.222338e+000 5
99 -2.206296e+000 5
100 -2.324907e+000 5

#epsilon= 1.962519e-003  dim= 7

#epsilon= 1.962519e-003  dim= 8

#epsilon= 1.962519e-003  dim= 9

#epsilon= 1.962519e-003  dim= 10

