#m=     1
  0.000137465773  14.8353987
  0.000147399944  7.67336845
  0.000158052164  5.29392433
  0.00016947421  4.10584068
  0.000181721683  3.39514422
  0.000194854263  2.92298126
  0.00020893589  2.58751583
  0.000224034957  2.33748913
  0.000240225403  2.14398623
  0.000257585896  1.99057674
  0.000276200735  1.86663878
  0.000296161073  1.76427412
  0.000317563885  1.67759752
  0.000340513128  1.60406196
  0.000365121174  1.54176629
  0.000391507579  1.48785198
  0.000419800635  1.44086468
  0.000450138381  1.39891672
  0.00048266878  1.36236298
  0.000517549808  1.32939637
  0.000554951839  1.30024552
  0.00059505651  1.27419174
  0.000638059515  1.2509228
  0.00068417046  1.23022258
  0.000733613444  1.2110095
  0.000786629855  1.19368804
  0.000843477203  1.17769885
  0.000904433255  1.16340315
  0.000969793939  1.15012407
  0.001039878  1.13775671
  0.00111502688  1.12659168
  0.00119560712  1.11611593
  0.00128201011  1.10644627
  0.00137465773  1.09744549
  0.00147400016  1.08883333
  0.0015805217  1.08079743
  0.00169474212  1.07335639
  0.00181721686  1.06613433
  0.00194854173  1.05900884
  0.00208935793  1.0521642
  0.00224034954  1.04547632
  0.00240225298  1.03884423
  0.0025758578  1.03222394
  0.00276200729  1.02555084
  0.00296160951  1.01884198
  0.00317563768  1.01190388
  0.0034051314  1.00474954
  0.00365121174  0.997230768
  0.00391507568  0.989366114
  0.00419800682  0.980970323
  0.00450138375  0.972041845
  0.00482668774  0.962567866
  0.00517549831  0.952415943
  0.00554951606  0.941489637
  0.00595056545  0.929765701
  0.00638059527  0.917213738
  0.00684170472  0.903779268
  0.00733613456  0.889412105
  0.00786629878  0.874098241
  0.00843477249  0.857864141
  0.0090443287  0.840687931
  0.00969793927  0.822639763
  0.0103987809  0.803753078
  0.0111502688  0.784119785
  0.0119560715  0.763861716
  0.0128201013  0.743094563
  0.0137465782  0.722010195
  0.0147400014  0.70078975
  0.0158052184  0.67960757
  0.0169474222  0.658652961
  0.0181721691  0.638053298
  0.0194854178  0.617919981
  0.0208935812  0.598318756
  0.0224034972  0.579260588
  0.0240225308  0.560820937
  0.0257585794  0.542992055
  0.0276200809  0.525789559
  0.0296161026  0.509233415
  0.031756375  0.493344009
  0.0340513214  0.478177726
  0.0365121178  0.463761568
  0.0391507484  0.450049996
  0.041980058  0.436983854
  0.0450138412  0.424525589
  0.048266869  0.412638515
  0.0517549813  0.401309192
  0.0554951727  0.390520185
  0.0595056452  0.380248666
  0.0638059527  0.370466292
  0.068417035  0.361163646
  0.0733613446  0.352324873
  0.0786629692  0.343890578
  0.0843477249  0.335837871
  0.0904433057  0.328149915
  0.0969793946  0.320805281
  0.103987806  0.313781738
  0.111502692  0.30705902
  0.119560689  0.300618261
  0.128200978  0.294442177


#m=     2
  0.000137465773  15.3555355
  0.000147399944  8.21276474
  0.000158052164  5.86434698
  0.00016947421  4.68624973
  0.000181721683  3.96993947
  0.000194854263  3.51135707
  0.00020893589  3.202842
  0.000224034957  2.98014665
  0.000240225403  2.80654716
  0.000257585896  2.66454244
  0.000276200735  2.5560112
  0.000296161073  2.4636147
  0.000317563885  2.38819051
  0.000340513128  2.32003212
  0.000365121174  2.27347517
  0.000391507579  2.23404336
  0.000419800635  2.20086956
  0.000450138381  2.17365074
  0.00048266878  2.15025067
  0.000517549808  2.13146305
  0.000554951839  2.11254764
  0.00059505651  2.09833074
  0.000638059515  2.08545184
  0.00068417046  2.0764184
  0.000733613444  2.0669806
  0.000786629855  2.05455375
  0.000843477203  2.04396319
  0.000904433255  2.03603458
  0.000969793939  2.02739191
  0.001039878  2.02006626
  0.00111502688  2.01479793
  0.00119560712  2.00796604
  0.00128201011  2.00205708
  0.00137465773  1.99723744
  0.00147400016  1.99081528
  0.0015805217  1.98539746
  0.00169474212  1.98028588
  0.00181721686  1.9741379
  0.00194854173  1.96714592
  0.00208935793  1.95986164
  0.00224034954  1.95166278
  0.00240225298  1.9426055
  0.0025758578  1.93308413
  0.00276200729  1.92260146
  0.00296160951  1.91099
  0.00317563768  1.89808655
  0.0034051314  1.88352406
  0.00365121174  1.86690891
  0.00391507568  1.84921098
  0.00419800682  1.82901585
  0.00450138375  1.8069315
  0.00482668774  1.78324533
  0.00517549831  1.7569778
  0.00554951606  1.72823095
  0.00595056545  1.69699705
  0.00638059527  1.66373003
  0.00684170472  1.6280607
  0.00733613456  1.59013283
  0.00786629878  1.55002737
  0.00843477249  1.50776947
  0.0090443287  1.46352577
  0.00969793927  1.4178381
  0.0103987809  1.37061071
  0.0111502688  1.32228553
  0.0119560715  1.27315545
  0.0128201013  1.2235924
  0.0137465782  1.17412496
  0.0147400014  1.12524796
  0.0158052184  1.07731605
  0.0169474222  1.03075027
  0.0181721691  0.985790014
  0.0194854178  0.942634702
  0.0208935812  0.901365817
  0.0224034972  0.861913979
  0.0240225308  0.824418485
  0.0257585794  0.788777709
  0.0276200809  0.754926026
  0.0296161026  0.722835362
  0.031756375  0.692482471
  0.0340513214  0.663960755
  0.0365121178  0.637292027
  0.0391507484  0.612324297
  0.041980058  0.588871717
  0.0450138412  0.566813469
  0.048266869  0.54604274
  0.0517549813  0.526518703
  0.0554951727  0.508204162
  0.0595056452  0.491019398
  0.0638059527  0.474869072
  0.068417035  0.459721237
  0.0733613446  0.44553113
  0.0786629692  0.432146698
  0.0843477249  0.419511497
  0.0904433057  0.407585025
  0.0969793946  0.396315813
  0.103987806  0.385651976
  0.111502692  0.375546634
  0.119560689  0.36595723
  0.128200978  0.356845349


#m=     3
  0.000137465773  15.7836237
  0.000147399944  8.81760883
  0.000158052164  6.44377899
  0.00016947421  5.24002457
  0.000181721683  4.51739836
  0.000194854263  4.16388273
  0.00020893589  3.87346458
  0.000224034957  3.69587564
  0.000240225403  3.56988859
  0.000257585896  3.47015333
  0.000276200735  3.35224032
  0.000296161073  3.24698091
  0.000317563885  3.14369678
  0.000340513128  3.0782125
  0.000365121174  3.08785725
  0.000391507579  3.06632042
  0.000419800635  3.07208347
  0.000450138381  3.04734755
  0.00048266878  3.04339361
  0.000517549808  3.04941797
  0.000554951839  3.04325294
  0.00059505651  3.0318861
  0.000638059515  3.03035164
  0.00068417046  3.03380561
  0.000733613444  3.02067757
  0.000786629855  2.99610496
  0.000843477203  2.9908185
  0.000904433255  2.98864579
  0.000969793939  2.9820261
  0.001039878  2.97784901
  0.00111502688  2.97734165
  0.00119560712  2.97045159
  0.00128201011  2.96236396
  0.00137465773  2.95847178
  0.00147400016  2.94775629
  0.0015805217  2.9399929
  0.00169474212  2.935009
  0.00181721686  2.92218041
  0.00194854173  2.90847349
  0.00208935793  2.89678311
  0.00224034954  2.88239622
  0.00240225298  2.86198664
  0.0025758578  2.8435719
  0.00276200729  2.82467937
  0.00296160951  2.80068612
  0.00317563768  2.77555656
  0.0034051314  2.74767995
  0.00365121174  2.71579385
  0.00391507568  2.68184566
  0.00419800682  2.64254332
  0.00450138375  2.60041237
  0.00482668774  2.55613089
  0.00517549831  2.50782418
  0.00554951606  2.45582891
  0.00595056545  2.3999393
  0.00638059527  2.3405714
  0.00684170472  2.27833605
  0.00733613456  2.21302199
  0.00786629878  2.14475107
  0.00843477249  2.0735445
  0.0090443287  2.00002003
  0.00969793927  1.92496824
  0.0103987809  1.84816098
  0.0111502688  1.77039301
  0.0119560715  1.69199824
  0.0128201013  1.61374152
  0.0137465782  1.53641903
  0.0147400014  1.4608568
  0.0158052184  1.38759041
  0.0169474222  1.31718206
  0.0181721691  1.24997282
  0.0194854178  1.18617737
  0.0208935812  1.12581837
  0.0224034972  1.06866825
  0.0240225308  1.01488841
  0.0257585794  0.9642151
  0.0276200809  0.91644609
  0.0296161026  0.871466815
  0.031756375  0.82920903
  0.0340513214  0.78982091
  0.0365121178  0.753323376
  0.0391507484  0.719435513
  0.041980058  0.687826872
  0.0450138412  0.658303976
  0.048266869  0.630707324
  0.0517549813  0.604968667
  0.0554951727  0.581035137
  0.0595056452  0.558764458
  0.0638059527  0.53799057
  0.068417035  0.518663526
  0.0733613446  0.500713587
  0.0786629692  0.483891398
  0.0843477249  0.468110442
  0.0904433057  0.453310937
  0.0969793946  0.439415336
  0.103987806  0.426344424
  0.111502692  0.414028198
  0.119560689  0.402403384
  0.128200978  0.39141345


#m=     4
  0.000137465773  14.3316612
  0.000147399944  10.7172613
  0.000158052164  6.80450058
  0.00016947421  6.00104332
  0.000181721683  4.87187004
  0.000194854263  4.58371544
  0.00020893589  3.82798457
  0.000224034957  5.02809048
  0.000240225403  4.37521124
  0.000257585896  3.9191885
  0.000276200735  3.8973062
  0.000296161073  3.97834659
  0.000317563885  3.80869985
  0.000340513128  3.54845905
  0.000365121174  3.68901801
  0.000391507579  3.64444208
  0.000419800635  3.87576342
  0.000450138381  3.83069134
  0.00048266878  3.78754854
  0.000517549808  3.71815991
  0.000554951839  3.78604698
  0.00059505651  3.83260727
  0.000638059515  3.89381075
  0.00068417046  3.97595382
  0.000733613444  3.99240613
  0.000786629855  3.90446639
  0.000843477203  3.91712713
  0.000904433255  3.9032917
  0.000969793939  3.89820695
  0.001039878  3.90728354
  0.00111502688  3.94245696
  0.00119560712  3.92609429
  0.00128201011  3.93006682
  0.00137465773  3.91740131
  0.00147400016  3.90111351
  0.0015805217  3.89838171
  0.00169474212  3.89366412
  0.00181721686  3.86579514
  0.00194854173  3.83986402
  0.00208935793  3.83081269
  0.00224034954  3.80602193
  0.00240225298  3.76702595
  0.0025758578  3.73425436
  0.00276200729  3.70738459
  0.00296160951  3.66436315
  0.00317563768  3.62395048
  0.0034051314  3.57958937
  0.00365121174  3.52963352
  0.00391507568  3.47703004
  0.00419800682  3.41502118
  0.00450138375  3.35021973
  0.00482668774  3.28371072
  0.00517549831  3.21131039
  0.00554951606  3.13471532
  0.00595056545  3.05277634
  0.00638059527  2.96589828
  0.00684170472  2.87676239
  0.00733613456  2.78369498
  0.00786629878  2.68725348
  0.00843477249  2.58728242
  0.0090443287  2.48483324
  0.00969793927  2.38084555
  0.0103987809  2.2750833
  0.0111502688  2.16867733
  0.0119560715  2.06201744
  0.0128201013  1.95635211
  0.0137465782  1.85263681
  0.0147400014  1.75199926
  0.0158052184  1.65509915
  0.0169474222  1.56260049
  0.0181721691  1.47494304
  0.0194854178  1.39226043
  0.0208935812  1.31454182
  0.0224034972  1.24139488
  0.0240225308  1.17299008
  0.0257585794  1.10888553
  0.0276200809  1.04869902
  0.0296161026  0.992215753
  0.031756375  0.939346671
  0.0340513214  0.890326321
  0.0365121178  0.845199406
  0.0391507484  0.803570688
  0.041980058  0.76494199
  0.0450138412  0.72903192
  0.048266869  0.69562602
  0.0517549813  0.664633274
  0.0554951727  0.635992348
  0.0595056452  0.60949856
  0.0638059527  0.584914327
  0.068417035  0.562176645
  0.0733613446  0.541194141
  0.0786629692  0.521617293
  0.0843477249  0.503332615
  0.0904433057  0.486264735
  0.0969793946  0.470311821
  0.103987806  0.455369681
  0.111502692  0.441347063
  0.119560689  0.428162009
  0.128200978  0.415741801


#m=     5
  0.00020893589  14.3316612
  0.000224034957  15.244009
  0.000240225403  7.38688135
  0.000257585896  4.87446499
  0.000276200735  3.63735104
  0.000296161073  3.7477026
  0.000317563885  2.97083497
  0.000340513128  2.46074891
  0.000365121174  3.50074053
  0.000391507579  3.17193842
  0.000419800635  3.73777795
  0.000450138381  4.2422986
  0.00048266878  5.38648748
  0.000517549808  4.93729687
  0.000554951839  4.70497608
  0.00059505651  4.87119484
  0.000638059515  5.65865564
  0.00068417046  5.54609776
  0.000733613444  5.52884722
  0.000786629855  5.36562824
  0.000843477203  5.29655695
  0.000904433255  5.17383623
  0.000969793939  5.16239929
  0.001039878  5.0557785
  0.00111502688  4.99368572
  0.00119560712  4.90710545
  0.00128201011  4.86343956
  0.00137465773  4.85997725
  0.00147400016  4.85726261
  0.0015805217  4.87820339
  0.00169474212  4.87588596
  0.00181721686  4.82046509
  0.00194854173  4.77154922
  0.00208935793  4.76118279
  0.00224034954  4.72178459
  0.00240225298  4.64274168
  0.0025758578  4.58767128
  0.00276200729  4.55177164
  0.00296160951  4.48603725
  0.00317563768  4.42294645
  0.0034051314  4.35736132
  0.00365121174  4.28491354
  0.00391507568  4.21243811
  0.00419800682  4.12756872
  0.00450138375  4.03735399
  0.00482668774  3.94887781
  0.00517549831  3.85265231
  0.00554951606  3.75180197
  0.00595056545  3.64599037
  0.00638059527  3.53263712
  0.00684170472  3.41893315
  0.00733613456  3.30038953
  0.00786629878  3.17785287
  0.00843477249  3.05172849
  0.0090443287  2.92273045
  0.00969793927  2.79216003
  0.0103987809  2.6596632
  0.0111502688  2.52675629
  0.0119560715  2.39375377
  0.0128201013  2.26266336
  0.0137465782  2.13442898
  0.0147400014  2.01062274
  0.0158052184  1.89202809
  0.0169474222  1.77930021
  0.0181721691  1.67304385
  0.0194854178  1.57326257
  0.0208935812  1.47983503
  0.0224034972  1.39215994
  0.0240225308  1.31044602
  0.0257585794  1.23410809
  0.0276200809  1.16263676
  0.0296161026  1.09572601
  0.031756375  1.0332371
  0.0340513214  0.97548461
  0.0365121178  0.922558248
  0.0391507484  0.873979449
  0.041980058  0.829097629
  0.0450138412  0.78752774
  0.048266869  0.748994887
  0.0517549813  0.713385463
  0.0554951727  0.680635631
  0.0595056452  0.650479138
  0.0638059527  0.622606933
  0.068417035  0.596947551
  0.0733613446  0.57339114
  0.0786629692  0.551486194
  0.0843477249  0.531095326
  0.0904433057  0.512130082
  0.0969793946  0.494466513
  0.103987806  0.477977306
  0.111502692  0.462551504
  0.119560689  0.448089868
  0.128200978  0.434505045


#m=     6
  0.000240225403  14.3316612
  0.000257585896  7.16583061
  0.000276200735  4.77724218
  0.000296161073  3.58292747
  0.000317563885  2.86634016
  0.000340513128  2.38862109
  0.000365121174  2.04738808
  0.000391507579  1.79146373
  0.000419800635  3.03551555
  0.000450138381  2.50495696
  0.00048266878  3.09117794
  0.000517549808  2.54274106
  0.000554951839  3.44111252
  0.00059505651  3.74779868
  0.000638059515  4.77131271
  0.00068417046  5.77368212
  0.000733613444  6.74084139
  0.000786629855  6.30897379
  0.000843477203  5.59105349
  0.000904433255  5.84868431
  0.000969793939  5.98562193
  0.001039878  5.93520021
  0.00111502688  5.75055027
  0.00119560712  5.83442116
  0.00128201011  5.69887066
  0.00137465773  5.74830818
  0.00147400016  5.80256605
  0.0015805217  5.90310144
  0.00169474212  5.93863869
  0.00181721686  5.80062962
  0.00194854173  5.69366026
  0.00208935793  5.69051695
  0.00224034954  5.61490393
  0.00240225298  5.50652981
  0.0025758578  5.42677975
  0.00276200729  5.37122822
  0.00296160951  5.28783369
  0.00317563768  5.19964647
  0.0034051314  5.10893297
  0.00365121174  4.99753761
  0.00391507568  4.90226936
  0.00419800682  4.7907052
  0.00450138375  4.67377424
  0.00482668774  4.56351376
  0.00517549831  4.44326591
  0.00554951606  4.31824112
  0.00595056545  4.19087982
  0.00638059527  4.05380297
  0.00684170472  3.91857791
  0.00733613456  3.7767303
  0.00786629878  3.63068891
  0.00843477249  3.48121715
  0.0090443287  3.3280108
  0.00969793927  3.17313552
  0.0103987809  3.0153718
  0.0111502688  2.85751939
  0.0119560715  2.69938564
  0.0128201013  2.5441792
  0.0137465782  2.39268351
  0.0147400014  2.247118
  0.0158052184  2.10827541
  0.0169474222  1.97669339
  0.0181721691  1.85322011
  0.0194854178  1.73772216
  0.0208935812  1.62991369
  0.0224034972  1.5289036
  0.0240225308  1.43491399
  0.0257585794  1.34724033
  0.0276200809  1.26529431
  0.0296161026  1.18868303
  0.031756375  1.1172334
  0.0340513214  1.0513494
  0.0365121178  0.991186082
  0.0391507484  0.936183989
  0.041980058  0.885537326
  0.0450138412  0.838756502
  0.048266869  0.795511544
  0.0517549813  0.755670369
  0.0554951727  0.719173014
  0.0595056452  0.685693026
  0.0638059527  0.654849112
  0.068417035  0.626564324
  0.0733613446  0.600712895
  0.0786629692  0.576738775
  0.0843477249  0.55448252
  0.0904433057  0.533844709
  0.0969793946  0.514680445
  0.103987806  0.496840179
  0.111502692  0.480194122
  0.119560689  0.464626878
  0.128200978  0.450037152


#m=     7
  0.000786629855  20.7164955
  0.000843477203  9.51448822
  0.000904433255  7.69374657
  0.000969793939  7.41645479
  0.001039878  6.84879875
  0.00111502688  6.79164076
  0.00119560712  7.47480488
  0.00128201011  6.77057123
  0.00137465773  6.73752594
  0.00147400016  6.34418154
  0.0015805217  6.83170223
  0.00169474212  6.83024406
  0.00181721686  6.69288349
  0.00194854173  6.46398592
  0.00208935793  6.53238392
  0.00224034954  6.46449852
  0.00240225298  6.30314302
  0.0025758578  6.19760513
  0.00276200729  6.13238955
  0.00296160951  6.04546118
  0.00317563768  5.94510984
  0.0034051314  5.83283043
  0.00365121174  5.68048191
  0.00391507568  5.55742884
  0.00419800682  5.42041397
  0.00450138375  5.27390718
  0.00482668774  5.14006615
  0.00517549831  4.99689913
  0.00554951606  4.84582853
  0.00595056545  4.69599056
  0.00638059527  4.53760386
  0.00684170472  4.38275623
  0.00733613456  4.2188592
  0.00786629878  4.05112886
  0.00843477249  3.88028383
  0.0090443287  3.70429516
  0.00969793927  3.52709794
  0.0103987809  3.34616518
  0.0111502688  3.16506338
  0.0119560715  2.98312998
  0.0128201013  2.80493259
  0.0137465782  2.63108993
  0.0147400014  2.46478128
  0.0158052184  2.30681539
  0.0169474222  2.15759349
  0.0181721691  2.01821303
  0.0194854178  1.88835394
  0.0208935812  1.76746714
  0.0224034972  1.65428507
  0.0240225308  1.54901862
  0.0257585794  1.45089769
  0.0276200809  1.35926533
  0.0296161026  1.27364314
  0.031756375  1.19382322
  0.0340513214  1.12032461
  0.0365121178  1.05339158
  0.0391507484  0.992393732
  0.041980058  0.936369121
  0.0450138412  0.884728551
  0.048266869  0.837091088
  0.0517549813  0.793312669
  0.0554951727  0.753342569
  0.0595056452  0.716794729
  0.0638059527  0.683216333
  0.068417035  0.65252769
  0.0733613446  0.624588728
  0.0786629692  0.598737419
  0.0843477249  0.574793637
  0.0904433057  0.552648425
  0.0969793946  0.532137275
  0.103987806  0.513088882
  0.111502692  0.495355725
  0.119560689  0.478806943
  0.128200978  0.463328004


#m=     8
  0.000786629855  26.4905434
  0.000843477203  9.30021191
  0.000904433255  7.74920225
  0.000969793939  5.02965879
  0.001039878  4.76755381
  0.00111502688  5.07108879
  0.00119560712  6.9401722
  0.00128201011  7.52964687
  0.00137465773  7.36721849
  0.00147400016  6.90776443
  0.0015805217  7.70202255
  0.00169474212  7.83525085
  0.00181721686  7.69409895
  0.00194854173  7.44282484
  0.00208935793  7.53815413
  0.00224034954  7.36477804
  0.00240225298  7.09939957
  0.0025758578  7.00736904
  0.00276200729  6.89596462
  0.00296160951  6.82269955
  0.00317563768  6.69291878
  0.0034051314  6.54275703
  0.00365121174  6.34213114
  0.00391507568  6.19854403
  0.00419800682  6.03777599
  0.00450138375  5.86049843
  0.00482668774  5.69951296
  0.00517549831  5.53001881
  0.00554951606  5.34826374
  0.00595056545  5.17367935
  0.00638059527  4.99325752
  0.00684170472  4.81897736
  0.00733613456  4.63284922
  0.00786629878  4.44390106
  0.00843477249  4.25326967
  0.0090443287  4.05587626
  0.00969793927  3.85798001
  0.0103987809  3.65543294
  0.0111502688  3.4526186
  0.0119560715  3.24843407
  0.0128201013  3.04881859
  0.0137465782  2.85406613
  0.0147400014  2.66842675
  0.0158052184  2.49257708
  0.0169474222  2.32684302
  0.0181721691  2.17262959
  0.0194854178  2.02942467
  0.0208935812  1.89642501
  0.0224034972  1.77190411
  0.0240225308  1.6560663
  0.0257585794  1.54804814
  0.0276200809  1.44722021
  0.0296161026  1.35301876
  0.031756375  1.26521277
  0.0340513214  1.18445063
  0.0365121178  1.11107171
  0.0391507484  1.04437733
  0.041980058  0.98324585
  0.0450138412  0.92699033
  0.048266869  0.875183761
  0.0517549813  0.827673972
  0.0554951727  0.784424067
  0.0595056452  0.744989574
  0.0638059527  0.708844602
  0.068417035  0.675909579
  0.0733613446  0.646031618
  0.0786629692  0.618440151
  0.0843477249  0.592935801
  0.0904433057  0.569401383
  0.0969793946  0.547653198
  0.103987806  0.527499199
  0.111502692  0.508774221
  0.119560689  0.49133265
  0.128200978  0.475046992


#m=     9
  0.000843477203  14.3317595
  0.000904433255  11.7343388
  0.000969793939  6.45181799
  0.001039878  4.44898844
  0.00111502688  4.82604933
  0.00119560712  7.36043978
  0.00128201011  7.98859119
  0.00137465773  7.5234251
  0.00147400016  6.93622303
  0.0015805217  7.87100124
  0.00169474212  8.45421696
  0.00181721686  8.01362991
  0.00194854173  7.97594213
  0.00208935793  8.24857235
  0.00224034954  8.2264986
  0.00240225298  7.85517693
  0.0025758578  7.87077284
  0.00276200729  7.64237595
  0.00296160951  7.65071964
  0.00317563768  7.43647861
  0.0034051314  7.25819588
  0.00365121174  6.98017216
  0.00391507568  6.81757641
  0.00419800682  6.62236547
  0.00450138375  6.41772413
  0.00482668774  6.22370481
  0.00517549831  6.02654552
  0.00554951606  5.81648684
  0.00595056545  5.61531067
  0.00638059527  5.41707659
  0.00684170472  5.22630072
  0.00733613456  5.01875591
  0.00786629878  4.81043005
  0.00843477249  4.60159254
  0.0090443287  4.38409281
  0.00969793927  4.16688681
  0.0103987809  3.9439919
  0.0111502688  3.72099853
  0.0119560715  3.49607348
  0.0128201013  3.27627373
  0.0137465782  3.06184363
  0.0147400014  2.85776091
  0.0158052184  2.664855
  0.0169474222  2.48348188
  0.0181721691  2.31530285
  0.0194854178  2.15969515
  0.0208935812  2.0155499
  0.0224034972  1.88067186
  0.0240225308  1.75515854
  0.0257585794  1.6379925
  0.0276200809  1.52858651
  0.0296161026  1.42633915
  0.031756375  1.33100522
  0.0340513214  1.24339139
  0.0365121178  1.16394913
  0.0391507484  1.09193254
  0.041980058  1.02604437
  0.0450138412  0.965487778
  0.048266869  0.909790933
  0.0517549813  0.858799338
  0.0554951727  0.812496245
  0.0595056452  0.770380914
  0.0638059527  0.731856346
  0.068417035  0.696846187
  0.0733613446  0.665186942
  0.0786629692  0.635998964
  0.0843477249  0.609065056
  0.0904433057  0.584261894
  0.0969793946  0.561387599
  0.103987806  0.540229857
  0.111502692  0.520607173
  0.119560689  0.50235939
  0.128200978  0.485347241


#m=    10
  0.00119560712  14.3316612
  0.00128201011  15.2439423
  0.00137465773  9.10448933
  0.00147400016  7.65778017
  0.0015805217  11.180584
  0.00169474212  12.176898
  0.00181721686  9.42579365
  0.00194854173  8.65731621
  0.00208935793  8.62519073
  0.00224034954  9.10446548
  0.00240225298  8.49539661
  0.0025758578  8.61486053
  0.00276200729  8.4154768
  0.00296160951  8.51501656
  0.00317563768  8.17459869
  0.0034051314  7.99182749
  0.00365121174  7.6012454
  0.00391507568  7.45316601
  0.00419800682  7.2182436
  0.00450138375  6.99082899
  0.00482668774  6.75666809
  0.00517549831  6.53402996
  0.00554951606  6.29454994
  0.00595056545  6.06749296
  0.00638059527  5.84859896
  0.00684170472  5.6380372
  0.00733613456  5.40888596
  0.00786629878  5.17896032
  0.00843477249  4.95081186
  0.0090443287  4.7121582
  0.00969793927  4.47488928
  0.0103987809  4.23073053
  0.0111502688  3.98715019
  0.0119560715  3.74100971
  0.0128201013  3.50076008
  0.0137465782  3.26642609
  0.0147400014  3.04362249
  0.0158052184  2.83336282
  0.0169474222  2.63615274
  0.0181721691  2.45387554
  0.0194854178  2.28595519
  0.0208935812  2.13088369
  0.0224034972  1.98595095
  0.0240225308  1.85108721
  0.0257585794  1.72502744
  0.0276200809  1.60722351
  0.0296161026  1.4970907
  0.031756375  1.39436054
  0.0340513214  1.30001915
  0.0365121178  1.21463454
  0.0391507484  1.13741672
  0.041980058  1.06688523
  0.0450138412  1.00212979
  0.048266869  0.942636847
  0.0517549813  0.888252974
  0.0554951727  0.838984311
  0.0595056452  0.79427278
  0.0638059527  0.753448725
  0.068417035  0.716440618
  0.0733613446  0.683074594
  0.0786629692  0.652359426
  0.0843477249  0.62406081
  0.0904433057  0.598049581
  0.0969793946  0.574106097
  0.103987806  0.551998019
  0.111502692  0.53152734
  0.119560689  0.512520075
  0.128200978  0.494825006


