#m=     1
  0.000147668252  14.713686
  0.00015833987  7.54603243
  0.000169782536  5.16669416
  0.000182052303  3.97620392
  0.000195208762  3.26839232
  0.000209315825  2.79972434
  0.000224442556  2.46310186
  0.00024066247  2.2148757
  0.000258054293  2.01862979
  0.000276703242  1.86641788
  0.000296699902  1.74399698
  0.000318141363  1.64879823
  0.000341132632  1.56883752
  0.000365785439  1.49981439
  0.000392219867  1.44359159
  0.000420564407  1.39381409
  0.000450957334  1.35790241
  0.000483546901  1.31543791
  0.000518491375  1.27712548
  0.000555961509  1.24929595
  0.000596139173  1.22445071
  0.000639220641  1.20376992
  0.000685415231  1.18344879
  0.000734948146  1.17749965
  0.000788061006  1.18149614
  0.000845011789  1.17580712
  0.000906078261  1.15705609
  0.000971558329  1.13871241
  0.00104176986  1.1189791
  0.001117056  1.12073076
  0.00119778176  1.12404811
  0.00128434307  1.10765707
  0.00137715868  1.09411561
  0.00147668191  1.08681047
  0.00158339797  1.08509946
  0.0016978262  1.07683647
  0.00182052306  1.06345236
  0.00195208681  1.05387366
  0.00209315936  1.04180133
  0.0022444257  1.04620528
  0.00240662345  1.05041742
  0.00258054421  1.04134858
  0.00276703248  1.03017509
  0.00296699908  1.02301836
  0.00318141514  1.01990736
  0.00341132656  1.01661575
  0.00365785463  1.01160944
  0.0039221989  1.00520349
  0.00420564413  0.995962679
  0.0045095738  0.990957081
  0.00483546918  0.985035837
  0.00518491399  0.975970447
  0.00555961486  0.968048215
  0.00596139161  0.960675418
  0.00639220374  0.949968338
  0.00685415231  0.941246927
  0.00734948134  0.92946291
  0.00788061041  0.91738236
  0.00845011882  0.90476048
  0.00906078331  0.890933871
  0.00971558318  0.875853598
  0.0104176998  0.86022383
  0.0111705605  0.843297422
  0.0119778179  0.825663626
  0.012843431  0.807154417
  0.013771588  0.787892699
  0.0147668188  0.767838061
  0.0158339813  0.74723953
  0.0169782639  0.726361334
  0.0182052311  0.705104172
  0.0195208695  0.683757067
  0.0209315885  0.66244036
  0.0224442575  0.641282141
  0.0240662415  0.620488882
  0.0258054379  0.600237608
  0.0276703332  0.580566168
  0.0296699908  0.561515808
  0.0318141542  0.543194413
  0.0341132656  0.52562815
  0.0365785472  0.508883178
  0.0392219797  0.492945433
  0.042056445  0.477760017
  0.045095738  0.4632864
  0.0483546928  0.449468732
  0.0518491417  0.436275333
  0.0555961393  0.423724443
  0.0596139207  0.411778718
  0.0639220551  0.400414795
  0.0685415268  0.389616221
  0.0734948143  0.379364789
  0.0788060874  0.3696208
  0.0845011845  0.360343784
  0.0906078592  0.351511121
  0.0971558392  0.343098164
  0.104176998  0.335077435
  0.111705609  0.327422589
  0.119778216  0.320109546
  0.128434286  0.313115895
  0.137715891  0.30642125


#m=     2
  0.000147668252  14.9096937
  0.00015833987  7.73791504
  0.000169782536  5.40789938
  0.000182052303  4.21630955
  0.000195208762  3.52673721
  0.000209315825  3.07740402
  0.000224442556  2.75506258
  0.00024066247  2.53139377
  0.000258054293  2.35172439
  0.000276703242  2.22123671
  0.000296699902  2.12398314
  0.000318141363  2.06358314
  0.000341132632  2.0170424
  0.000365785439  1.97076011
  0.000392219867  1.9533627
  0.000420564407  1.93332314
  0.000450957334  1.94344079
  0.000483546901  1.91863835
  0.000518491375  1.88709641
  0.000555961509  1.88085139
  0.000596139173  1.88358903
  0.000639220641  1.88660562
  0.000685415231  1.88529527
  0.000734948146  1.922153
  0.000788061006  1.99695456
  0.000845011789  2.0334475
  0.000906078261  2.00988054
  0.000971558329  1.98348904
  0.00104176986  1.95168197
  0.001117056  1.99426031
  0.00119778176  2.04756379
  0.00128434307  2.01608038
  0.00137715868  1.99146175
  0.00147668191  1.98927343
  0.00158339797  2.00456738
  0.0016978262  1.99396527
  0.00182052306  1.96368945
  0.00195208681  1.94934893
  0.00209315936  1.92374289
  0.0022444257  1.96102631
  0.00240662345  1.99648356
  0.00258054421  1.97606695
  0.00276703248  1.94466925
  0.00296699908  1.92984653
  0.00318141514  1.93064642
  0.00341132656  1.93386984
  0.00365785463  1.92600131
  0.0039221989  1.91224957
  0.00420564413  1.88782072
  0.0045095738  1.87885499
  0.00483546918  1.86859989
  0.00518491399  1.84344542
  0.00555961486  1.8248955
  0.00596139161  1.80875278
  0.00639220374  1.77865922
  0.00685415231  1.75797594
  0.00734948134  1.72570729
  0.00788061041  1.69342029
  0.00845011882  1.65998816
  0.00906078331  1.62334967
  0.00971558318  1.58305061
  0.0104176998  1.54196382
  0.0111705605  1.49745679
  0.0119778179  1.45188606
  0.012843431  1.40447795
  0.013771588  1.35584533
  0.0147668188  1.30563426
  0.0158339813  1.25486076
  0.0169782639  1.2042886
  0.0182052311  1.15347958
  0.0195208695  1.10329235
  0.0209315885  1.05405283
  0.0224442575  1.00603068
  0.0240662415  0.959719181
  0.0258054379  0.915538728
  0.0276703332  0.873440444
  0.0296699908  0.833433151
  0.0318141542  0.795703709
  0.0341132656  0.76021409
  0.0365785472  0.727061152
  0.0392219797  0.696114421
  0.042056445  0.667151272
  0.045095738  0.640011072
  0.0483546928  0.614505529
  0.0518491417  0.590509355
  0.0555961393  0.568038821
  0.0596139207  0.546969652
  0.0639220551  0.527220249
  0.0685415268  0.508733392
  0.0734948143  0.491449058
  0.0788060874  0.47525534
  0.0845011845  0.460041791
  0.0906078592  0.445747405
  0.0971558392  0.432307124
  0.104176998  0.419651091
  0.111705609  0.407713562
  0.119778216  0.396435976
  0.128434286  0.385765225
  0.137715891  0.375653833


#m=     3
  0.000147668252  14.8475819
  0.00015833987  7.83446217
  0.000169782536  5.36402607
  0.000182052303  4.09794807
  0.000195208762  3.45218253
  0.000209315825  3.01739311
  0.000224442556  2.679425
  0.00024066247  2.45010304
  0.000258054293  2.26291347
  0.000276703242  2.22193694
  0.000296699902  2.2281301
  0.000318141363  2.26218247
  0.000341132632  2.28022861
  0.000365785439  2.30148578
  0.000392219867  2.36011195
  0.000420564407  2.3974402
  0.000450957334  2.53013229
  0.000483546901  2.55395079
  0.000518491375  2.52898502
  0.000555961509  2.54423285
  0.000596139173  2.59531426
  0.000639220641  2.64850736
  0.000685415231  2.69305587
  0.000734948146  2.81318974
  0.000788061006  2.99982977
  0.000845011789  3.08983326
  0.000906078261  3.03018117
  0.000971558329  2.95009518
  0.00104176986  2.87541151
  0.001117056  2.97209668
  0.00119778176  3.11350822
  0.00128434307  3.02742481
  0.00137715868  2.96982026
  0.00147668191  2.96520376
  0.00158339797  2.99970317
  0.0016978262  2.96553183
  0.00182052306  2.89463353
  0.00195208681  2.87290955
  0.00209315936  2.81951475
  0.0022444257  2.91886044
  0.00240662345  3.00913095
  0.00258054421  2.95817232
  0.00276703248  2.88360333
  0.00296699908  2.84656858
  0.00318141514  2.85754776
  0.00341132656  2.87292075
  0.00365785463  2.85375571
  0.0039221989  2.82608628
  0.00420564413  2.77258015
  0.0045095738  2.75689864
  0.00483546918  2.74109221
  0.00518491399  2.68699932
  0.00555961486  2.65585518
  0.00596139161  2.62768292
  0.00639220374  2.56993055
  0.00685415231  2.53434873
  0.00734948134  2.47447228
  0.00788061041  2.41667724
  0.00845011882  2.35806131
  0.00906078331  2.2939713
  0.00971558318  2.22353649
  0.0104176998  2.1530118
  0.0111705605  2.07731056
  0.0119778179  2.00101662
  0.012843431  1.92216969
  0.013771588  1.84224641
  0.0147668188  1.7603749
  0.0158339813  1.67857873
  0.0169782639  1.59803653
  0.0182052311  1.51779044
  0.0195208695  1.43930674
  0.0209315885  1.3631078
  0.0224442575  1.28949142
  0.0240662415  1.21923256
  0.0258054379  1.15303409
  0.0276703332  1.09058821
  0.0296699908  1.0318408
  0.0318141542  0.977027714
  0.0341132656  0.926009119
  0.0365785472  0.878906488
  0.0392219797  0.835436523
  0.042056445  0.795175135
  0.045095738  0.757811964
  0.0483546928  0.722992897
  0.0518491417  0.690482736
  0.0555961393  0.660302699
  0.0596139207  0.632234216
  0.0639220551  0.606137812
  0.0685415268  0.581918359
  0.0734948143  0.559476614
  0.0788060874  0.538625836
  0.0845011845  0.519184649
  0.0906078592  0.501056671
  0.0971558392  0.484139651
  0.104176998  0.46832332
  0.111705609  0.453505367
  0.119778216  0.43959564
  0.128434286  0.426513374
  0.137715891  0.414187163


#m=     4
  0.000147668252  16.8777161
  0.00015833987  9.27803802
  0.000169782536  5.63202477
  0.000182052303  4.04315472
  0.000195208762  3.15350771
  0.000209315825  3.09913254
  0.000224442556  2.86163759
  0.00024066247  2.38534927
  0.000258054293  2.12077475
  0.000276703242  2.17648339
  0.000296699902  2.28336096
  0.000318141363  2.44537735
  0.000341132632  2.36897492
  0.000365785439  2.33913827
  0.000392219867  2.47191262
  0.000420564407  2.47048783
  0.000450957334  2.96840572
  0.000483546901  2.94061232
  0.000518491375  2.83378673
  0.000555961509  2.95812297
  0.000596139173  3.1461482
  0.000639220641  3.3711338
  0.000685415231  3.44092417
  0.000734948146  3.78020144
  0.000788061006  4.12985849
  0.000845011789  4.31013155
  0.000906078261  4.23391867
  0.000971558329  4.021173
  0.00104176986  3.85014009
  0.001117056  4.04224682
  0.00119778176  4.33059072
  0.00128434307  4.13933182
  0.00137715868  3.97449207
  0.00147668191  3.94947672
  0.00158339797  4.00430155
  0.0016978262  3.91989279
  0.00182052306  3.7804122
  0.00195208681  3.76339817
  0.00209315936  3.68361616
  0.0022444257  3.88207221
  0.00240662345  4.05898523
  0.00258054421  3.95764565
  0.00276703248  3.8181293
  0.00296699908  3.73294878
  0.00318141514  3.76320195
  0.00341132656  3.79818821
  0.00365785463  3.76195168
  0.0039221989  3.7150166
  0.00420564413  3.62030411
  0.0045095738  3.59549046
  0.00483546918  3.57648659
  0.00518491399  3.48500514
  0.00555961486  3.44076657
  0.00596139161  3.40114236
  0.00639220374  3.31131363
  0.00685415231  3.25954413
  0.00734948134  3.16983128
  0.00788061041  3.08413601
  0.00845011882  2.99997234
  0.00906078331  2.90748572
  0.00971558318  2.80623388
  0.0104176998  2.70606232
  0.0111705605  2.59921217
  0.0119778179  2.49243665
  0.012843431  2.38222456
  0.013771588  2.27158451
  0.0147668188  2.15888739
  0.0158339813  2.04732084
  0.0169782639  1.9382453
  0.0182052311  1.83032227
  0.0195208695  1.72554052
  0.0209315885  1.62455487
  0.0224442575  1.52749932
  0.0240662415  1.43547785
  0.0258054379  1.3495214
  0.0276703332  1.26889575
  0.0296699908  1.19345939
  0.0318141542  1.12349761
  0.0341132656  1.05877268
  0.0365785472  0.999453187
  0.0392219797  0.945137799
  0.042056445  0.895181954
  0.045095738  0.84911412
  0.0483546928  0.806402862
  0.0518491417  0.766703248
  0.0555961393  0.730057538
  0.0596139207  0.696154654
  0.0639220551  0.664804041
  0.0685415268  0.635879397
  0.0734948143  0.609247684
  0.0788060874  0.584649205
  0.0845011845  0.561832488
  0.0906078592  0.540670931
  0.0971558392  0.521028042
  0.104176998  0.502756298
  0.111705609  0.485719293
  0.119778216  0.469798118
  0.128434286  0.454887033
  0.137715891  0.440893173


#m=     5
  0.00015833987  14.3316612
  0.000169782536  7.16587973
  0.000182052303  4.77724218
  0.000195208762  3.58292747
  0.000209315825  2.86634779
  0.000224442556  2.38862109
  0.00024066247  2.04738808
  0.000258054293  1.79146683
  0.000276703242  1.59241402
  0.000296699902  1.43317187
  0.000318141363  1.3028847
  0.000341132632  2.3036375
  0.000365785439  3.73999023
  0.000392219867  2.96598649
  0.000420564407  2.45741868
  0.000450957334  2.09772825
  0.000483546901  3.46397567
  0.000518491375  4.00289392
  0.000555961509  3.58687019
  0.000596139173  3.76569581
  0.000639220641  3.67032123
  0.000685415231  3.98023748
  0.000734948146  4.81989193
  0.000788061006  4.69476461
  0.000845011789  5.20114374
  0.000906078261  5.75136995
  0.000971558329  5.48135757
  0.00104176986  5.10324955
  0.001117056  5.54479074
  0.00119778176  6.02193785
  0.00128434307  5.47498608
  0.00137715868  5.10679817
  0.00147668191  4.99143505
  0.00158339797  5.04292631
  0.0016978262  4.91363001
  0.00182052306  4.66618538
  0.00195208681  4.68842888
  0.00209315936  4.56250477
  0.0022444257  4.9017334
  0.00240662345  5.19112349
  0.00258054421  4.99406147
  0.00276703248  4.74430037
  0.00296699908  4.580513
  0.00318141514  4.62764645
  0.00341132656  4.69958258
  0.00365785463  4.6551652
  0.0039221989  4.58176327
  0.00420564413  4.43407822
  0.0045095738  4.40163612
  0.00483546918  4.38345289
  0.00518491399  4.24452209
  0.00555961486  4.19183445
  0.00596139161  4.14330673
  0.00639220374  4.01792097
  0.00685415231  3.94821453
  0.00734948134  3.82572579
  0.00788061041  3.71130562
  0.00845011882  3.60126972
  0.00906078331  3.48048067
  0.00971558318  3.34913135
  0.0104176998  3.22025037
  0.0111705605  3.08334017
  0.0119778179  2.94761801
  0.012843431  2.80726576
  0.013771588  2.66687822
  0.0147668188  2.52430105
  0.0158339813  2.38390279
  0.0169782639  2.24712443
  0.0182052311  2.11253619
  0.0195208695  1.98254502
  0.0209315885  1.85803175
  0.0224442575  1.73891819
  0.0240662415  1.62659979
  0.0258054379  1.5223738
  0.0276703332  1.42499006
  0.0296699908  1.33417153
  0.0318141542  1.25029349
  0.0341132656  1.17302394
  0.0365785472  1.10260475
  0.0392219797  1.03851974
  0.042056445  0.979884386
  0.045095738  0.926051676
  0.0483546928  0.87630868
  0.0518491417  0.830206871
  0.0555961393  0.787825406
  0.0596139207  0.748764753
  0.0639220551  0.71278882
  0.0685415268  0.679746568
  0.0734948143  0.649475753
  0.0788060874  0.62164402
  0.0845011845  0.595931768
  0.0906078592  0.572184324
  0.0971558392  0.55023402
  0.104176998  0.529897511
  0.111705609  0.511006355
  0.119778216  0.493414432
  0.128434286  0.476992846
  0.137715891  0.461628824


#m=     6
  0.000518491375  14.3317585
  0.000555961509  7.16585541
  0.000596139173  6.64910841
  0.000639220641  4.54191017
  0.000685415231  4.42940283
  0.000734948146  3.38364625
  0.000788061006  2.73736548
  0.000845011789  4.29203749
  0.000906078261  6.90599251
  0.000971558329  7.12491512
  0.00104176986  6.51514816
  0.001117056  7.13613033
  0.00119778176  7.47994041
  0.00128434307  6.63910532
  0.00137715868  5.72663164
  0.00147668191  5.67471504
  0.00158339797  5.77303934
  0.0016978262  5.77542639
  0.00182052306  5.3326292
  0.00195208681  5.49150848
  0.00209315936  5.36236525
  0.0022444257  5.92319202
  0.00240662345  6.3734045
  0.00258054421  6.02702665
  0.00276703248  5.62540483
  0.00296699908  5.3686204
  0.00318141514  5.47954941
  0.00341132656  5.58738899
  0.00365785463  5.52745056
  0.0039221989  5.40921354
  0.00420564413  5.20279789
  0.0045095738  5.15408325
  0.00483546918  5.14004278
  0.00518491399  4.95301867
  0.00555961486  4.8957119
  0.00596139161  4.84335375
  0.00639220374  4.67771673
  0.00685415231  4.59327126
  0.00734948134  4.43633223
  0.00788061041  4.29310036
  0.00845011882  4.15913534
  0.00906078331  4.01145029
  0.00971558318  3.85143781
  0.0104176998  3.69569135
  0.0111705605  3.53028417
  0.0119778179  3.36780381
  0.012843431  3.19873857
  0.013771588  3.03007126
  0.0147668188  2.85924149
  0.0158339813  2.6916678
  0.0169782639  2.52873063
  0.0182052311  2.36920094
  0.0195208695  2.21563935
  0.0209315885  2.06930518
  0.0224442575  1.92974222
  0.0240662415  1.79873919
  0.0258054379  1.67777014
  0.0276703332  1.56505275
  0.0296699908  1.46008348
  0.0318141542  1.36337733
  0.0341132656  1.27454758
  0.0365785472  1.19394016
  0.0392219797  1.12093532
  0.042056445  1.05439663
  0.045095738  0.993501484
  0.0483546928  0.937357068
  0.0518491417  0.885418773
  0.0555961393  0.837818682
  0.0596139207  0.794073403
  0.0639220551  0.753908157
  0.0685415268  0.717152715
  0.0734948143  0.683619261
  0.0788060874  0.652904212
  0.0845011845  0.624620497
  0.0906078592  0.598588467
  0.0971558392  0.57461071
  0.104176998  0.552469909
  0.111705609  0.531966567
  0.119778216  0.512928903
  0.128434286  0.495206118
  0.137715891  0.478666753


#m=     7
  0.000518491375  14.3317595
  0.000555961509  7.16585541
  0.000596139173  4.77724266
  0.000639220641  3.5829277
  0.000685415231  2.86634421
  0.000734948146  2.38862133
  0.000788061006  2.04738832
  0.000845011789  1.7914654
  0.000906078261  4.37811375
  0.000971558329  6.07766771
  0.00104176986  5.43365622
  0.001117056  4.76714277
  0.00119778176  6.96282959
  0.00128434307  6.84492207
  0.00137715868  6.21297312
  0.00147668191  6.269526
  0.00158339797  6.27776909
  0.0016978262  6.37214708
  0.00182052306  5.63152313
  0.00195208681  6.13685179
  0.00209315936  6.22145653
  0.0022444257  7.17355442
  0.00240662345  7.7655158
  0.00258054421  7.09892225
  0.00276703248  6.52992773
  0.00296699908  6.12921667
  0.00318141514  6.33249426
  0.00341132656  6.46422005
  0.00365785463  6.3703208
  0.0039221989  6.18416023
  0.00420564413  5.9114933
  0.0045095738  5.85348797
  0.00483546918  5.84859943
  0.00518491399  5.60860872
  0.00555961486  5.55565023
  0.00596139161  5.50216722
  0.00639220374  5.29282284
  0.00685415231  5.19414663
  0.00734948134  4.99913788
  0.00788061041  4.82972193
  0.00845011882  4.67145634
  0.00906078331  4.49961567
  0.00971558318  4.31189823
  0.0104176998  4.13139963
  0.0111705605  3.93963742
  0.0119778179  3.75235152
  0.012843431  3.55666089
  0.013771588  3.36229801
  0.0147668188  3.16549563
  0.0158339813  2.9727819
  0.0169782639  2.78564501
  0.0182052311  2.60293698
  0.0195208695  2.42743897
  0.0209315885  2.26077199
  0.0224442575  2.10229731
  0.0240662415  1.95408392
  0.0258054379  1.8178581
  0.0276703332  1.69123125
  0.0296699908  1.57334566
  0.0318141542  1.46489012
  0.0341132656  1.36543977
  0.0365785472  1.27551115
  0.0392219797  1.19439518
  0.042056445  1.12069285
  0.045095738  1.05339694
  0.0483546928  0.991431892
  0.0518491417  0.934167087
  0.0555961393  0.881804585
  0.0596139207  0.833784819
  0.0639220551  0.789801598
  0.0685415268  0.749672234
  0.0734948143  0.713188112
  0.0788060874  0.679876328
  0.0845011845  0.649283886
  0.0906078592  0.621208787
  0.0971558392  0.59542644
  0.104176998  0.571686804
  0.111705609  0.549761117
  0.119778216  0.529453039
  0.128434286  0.510590971
  0.137715891  0.493026197


#m=     8
  0.001117056  14.3316612
  0.00119778176  15.2439909
  0.00128434307  13.3028336
  0.00137715868  8.32188892
  0.00147668191  7.89041185
  0.00158339797  7.65232754
  0.0016978262  7.56292439
  0.00182052306  5.89540672
  0.00195208681  6.76791382
  0.00209315936  7.50606441
  0.0022444257  8.7411356
  0.00240662345  9.24045753
  0.00258054421  8.10197639
  0.00276703248  7.30980253
  0.00296699908  6.77899361
  0.00318141514  7.1007781
  0.00341132656  7.30185318
  0.00365785463  7.18961382
  0.0039221989  6.93918133
  0.00420564413  6.60472155
  0.0045095738  6.52796078
  0.00483546918  6.54814053
  0.00518491399  6.2509222
  0.00555961486  6.20344782
  0.00596139161  6.14619732
  0.00639220374  5.88681078
  0.00685415231  5.7744832
  0.00734948134  5.54224157
  0.00788061041  5.34663582
  0.00845011882  5.16697884
  0.00906078331  4.97139788
  0.00971558318  4.75660849
  0.0104176998  4.55323601
  0.0111705605  4.33654594
  0.0119778179  4.12567282
  0.012843431  3.90405512
  0.013771588  3.6842792
  0.0147668188  3.46154904
  0.0158339813  3.24402618
  0.0169782639  3.03290772
  0.0182052311  2.8273983
  0.0195208695  2.63032389
  0.0209315885  2.4438448
  0.0224442575  2.26691914
  0.0240662415  2.10198045
  0.0258054379  1.95104563
  0.0276703332  1.81103313
  0.0296699908  1.68067288
  0.0318141542  1.56087375
  0.0341132656  1.45115721
  0.0365785472  1.35226107
  0.0392219797  1.26337779
  0.042056445  1.18282807
  0.045095738  1.10941029
  0.0483546928  1.04186857
  0.0518491417  0.979491293
  0.0555961393  0.922563553
  0.0596139207  0.870450377
  0.0639220551  0.822818458
  0.0685415268  0.779475272
  0.0734948143  0.740193248
  0.0788060874  0.704428732
  0.0845011845  0.671662211
  0.0906078592  0.641670525
  0.0971558392  0.614202201
  0.104176998  0.588974774
  0.111705609  0.565730333
  0.119778216  0.544248521
  0.128434286  0.52433753
  0.137715891  0.505831301


#m=     9
  0.00137715868  14.3317595
  0.00147668191  11.7343864
  0.00158339797  15.5927677
  0.0016978262  8.96225643
  0.00182052306  6.47199774
  0.00195208681  7.27261066
  0.00209315936  9.48538208
  0.0022444257  11.1424599
  0.00240662345  10.633049
  0.00258054421  8.71654606
  0.00276703248  7.89139605
  0.00296699908  7.38056421
  0.00318141514  7.90098238
  0.00341132656  8.21742058
  0.00365785463  8.08013439
  0.0039221989  7.68920135
  0.00420564413  7.28217268
  0.0045095738  7.1326766
  0.00483546918  7.16560268
  0.00518491399  6.81886625
  0.00555961486  6.79153681
  0.00596139161  6.75010252
  0.00639220374  6.44230366
  0.00685415231  6.31419945
  0.00734948134  6.04218388
  0.00788061041  5.82636213
  0.00845011882  5.62782335
  0.00906078331  5.41393232
  0.00971558318  5.17319632
  0.0104176998  4.95070982
  0.0111705605  4.71249056
  0.0119778179  4.48035097
  0.012843431  4.23548603
  0.013771588  3.9921124
  0.0147668188  3.7448175
  0.0158339813  3.50374866
  0.0169782639  3.26984668
  0.0182052311  3.04255342
  0.0195208695  2.82488608
  0.0209315885  2.61943603
  0.0224442575  2.42480445
  0.0240662415  2.24389124
  0.0258054379  2.07897592
  0.0276703332  1.9261924
  0.0296699908  1.78378415
  0.0318141542  1.65296996
  0.0341132656  1.53321826
  0.0365785472  1.42554188
  0.0392219797  1.32905996
  0.042056445  1.24181664
  0.045095738  1.16241407
  0.0483546928  1.08943975
  0.0518491417  1.02210522
  0.0555961393  0.960766017
  0.0596139207  0.904704392
  0.0639220551  0.853559315
  0.0685415268  0.807131052
  0.0734948143  0.765173674
  0.0788060874  0.727072418
  0.0845011845  0.692240238
  0.0906078592  0.660433829
  0.0971558392  0.631374896
  0.104176998  0.604748964
  0.111705609  0.580269098
  0.119778216  0.557691216
  0.128434286  0.536803424
  0.137715891  0.517423034


#m=    10
  0.0016978262  14.3316612
  0.00182052306  7.16585541
  0.00195208681  8.32588196
  0.00209315936  12.1392412
  0.0022444257  15.3183737
  0.00240662345  12.8297834
  0.00258054421  9.19684696
  0.00276703248  8.2661705
  0.00296699908  7.86024189
  0.00318141514  8.52978611
  0.00341132656  9.02265739
  0.00365785463  8.94012547
  0.0039221989  8.3287468
  0.00420564413  7.88346958
  0.0045095738  7.68391657
  0.00483546918  7.72167969
  0.00518491399  7.35711432
  0.00555961486  7.3617568
  0.00596139161  7.34130001
  0.00639220374  6.99560165
  0.00685415231  6.83368349
  0.00734948134  6.52748251
  0.00788061041  6.29177523
  0.00845011882  6.07632113
  0.00906078331  5.84791517
  0.00971558318  5.58294249
  0.0104176998  5.34341764
  0.0111705605  5.08300972
  0.0119778179  4.82915688
  0.012843431  4.56047392
  0.013771588  4.29297209
  0.0147668188  4.02054262
  0.0158339813  3.75554228
  0.0169782639  3.49867177
  0.0182052311  3.24953055
  0.0195208695  3.01132226
  0.0209315885  2.78715324
  0.0224442575  2.57519007
  0.0240662415  2.37873411
  0.0258054379  2.2004199
  0.0276703332  2.03543949
  0.0296699908  1.88147235
  0.0318141542  1.74008203
  0.0341132656  1.61067307
  0.0365785472  1.49457026
  0.0392219797  1.3908217
  0.042056445  1.29719138
  0.045095738  1.2120918
  0.0483546928  1.13394332
  0.0518491417  1.06188035
  0.0555961393  0.996335268
  0.0596139207  0.936509609
  0.0639220551  0.882018566
  0.0685415268  0.832658112
  0.0734948143  0.788167059
  0.0788060874  0.74785924
  0.0845011845  0.71108067
  0.0906078592  0.677569032
  0.0971558392  0.647020519
  0.104176998  0.619089127
  0.111705609  0.593459666
  0.119778216  0.56986469
  0.128434286  0.548072875
  0.137715891  0.527885616


