#m=     1
  0.000135661103  14.8373013
  0.000145464859  7.67550707
  0.000155977235  5.29448223
  0.000167249324  4.10592508
  0.000179335853  3.39482427
  0.000192296007  2.92324424
  0.000206192752  2.58668041
  0.000221093796  2.33616829
  0.000237071697  2.1431427
  0.000254204031  1.98981071
  0.000272574747  1.86505198
  0.000292272744  1.76243997
  0.000313394587  1.67647219
  0.000336042838  1.60332286
  0.000360327627  1.54037511
  0.00038636761  1.48624527
  0.000414289243  1.43907499
  0.000444228703  1.39754581
  0.000476332003  1.36093688
  0.000510755344  1.32850063
  0.000547666103  1.29929793
  0.000587244285  1.27364123
  0.000629682967  1.25022626
  0.000675188261  1.22890627
  0.000723982463  1.20978034
  0.000776302477  1.19229901
  0.000832403544  1.17637885
  0.000892559299  1.16171706
  0.000957061886  1.14828861
  0.00102622586  1.13601708
  0.00110038917  1.12471163
  0.00117991108  1.11399627
  0.00126517972  1.10419405
  0.00135661103  1.09505582
  0.00145464926  1.08624518
  0.00155977311  1.07794034
  0.00167249329  1.06999731
  0.00179335941  1.06245768
  0.00192296098  1.05516064
  0.00206192769  1.04781139
  0.00221093697  1.04064596
  0.00237071584  1.03356051
  0.00254204054  1.02627861
  0.00272574741  1.01895487
  0.00292272912  1.01145029
  0.0031339475  1.00378609
  0.00336042838  0.995772421
  0.00360327656  0.987431645
  0.00386367622  0.978524983
  0.00414289255  0.969101787
  0.00444228714  0.959123969
  0.00476332009  0.948491573
  0.00510755088  0.937271476
  0.00547666103  0.925293505
  0.00587244285  0.912566721
  0.00629682979  0.898971677
  0.00675188284  0.884614527
  0.00723982463  0.869390547
  0.00776302535  0.853350282
  0.00832403544  0.836473882
  0.00892559346  0.81888026
  0.00957061909  0.800596237
  0.0102622593  0.781752646
  0.0110038919  0.762403727
  0.011799111  0.742728174
  0.012651803  0.722888827
  0.0135661112  0.702899039
  0.0145464931  0.682885885
  0.0155977318  0.662958086
  0.0167249255  0.643119991
  0.0179335941  0.623488247
  0.0192296114  0.604228079
  0.0206192825  0.585438371
  0.0221093707  0.56715095
  0.0237071607  0.549418271
  0.0254204124  0.532270253
  0.0272574686  0.51571399
  0.0292272903  0.499731839
  0.0313394666  0.484365404
  0.0336042754  0.469689667
  0.0360327661  0.455746472
  0.0386367552  0.442511976
  0.0414289273  0.429957092
  0.0444228835  0.417958677
  0.0476332046  0.406423926
  0.0510755256  0.395435452
  0.054766614  0.385016829
  0.0587244444  0.375049651
  0.0629682839  0.36552757
  0.0675188303  0.356460243
  0.0723982304  0.347839713
  0.0776302516  0.33963114
  0.08324036  0.33177945
  0.0892559141  0.324275404
  0.0957061946  0.317101836
  0.102622591  0.310237885
  0.110038899  0.303664535
  0.117991112  0.297363997
  0.126518011  0.291319519


#m=     2
  0.000135661103  15.3173895
  0.000145464859  8.18547153
  0.000155977235  5.81071854
  0.000167249324  4.6397419
  0.000179335853  3.96583605
  0.000192296007  3.52202797
  0.000206192752  3.21353769
  0.000221093796  2.97208738
  0.000237071697  2.79404092
  0.000254204031  2.65364456
  0.000272574747  2.54524708
  0.000292272744  2.46064544
  0.000313394587  2.38920712
  0.000336042838  2.33064938
  0.000360327627  2.28166556
  0.00038636761  2.24121809
  0.000414289243  2.20540142
  0.000444228703  2.17661214
  0.000476332003  2.1502912
  0.000510755344  2.12844682
  0.000547666103  2.10845089
  0.000587244285  2.09294391
  0.000629682967  2.08030725
  0.000675188261  2.0697217
  0.000723982463  2.05990243
  0.000776302477  2.04773307
  0.000832403544  2.03911948
  0.000892559299  2.03149056
  0.000957061886  2.02448106
  0.00102622586  2.01822495
  0.00110038917  2.01155424
  0.00117991108  2.00547147
  0.00126517972  1.9997077
  0.00135661103  1.99360561
  0.00145464926  1.98631418
  0.00155977311  1.97955358
  0.00167249329  1.97311354
  0.00179335941  1.96661663
  0.00192296098  1.95860648
  0.00206192769  1.94869232
  0.00221093697  1.93926311
  0.00237071584  1.92891812
  0.00254204054  1.91667402
  0.00272574741  1.90451527
  0.00292272912  1.88994861
  0.0031339475  1.87397552
  0.00336042838  1.85683882
  0.00360327656  1.83820629
  0.00386367622  1.81748402
  0.00414289255  1.7947768
  0.00444228714  1.77012396
  0.00476332009  1.74319255
  0.00510755088  1.71445966
  0.00547666103  1.68364489
  0.00587244285  1.65066779
  0.00629682979  1.61552739
  0.00675188284  1.57854867
  0.00723982463  1.53941
  0.00776302535  1.49841464
  0.00832403544  1.45571053
  0.00892559346  1.41173089
  0.00957061909  1.36652935
  0.0102622593  1.32064283
  0.0110038919  1.27420866
  0.011799111  1.22773433
  0.012651803  1.18165195
  0.0135661112  1.13595247
  0.0145464931  1.09095216
  0.0155977318  1.04682541
  0.0167249255  1.00350332
  0.0179335941  0.9612059
  0.0192296114  0.920336783
  0.0206192825  0.881058156
  0.0221093707  0.843356609
  0.0237071607  0.807336509
  0.0254204124  0.773046076
  0.0272574686  0.740436077
  0.0292272903  0.709379792
  0.0313394666  0.679935217
  0.0336042754  0.652261734
  0.0360327661  0.626438379
  0.0386367552  0.602353513
  0.0414289273  0.579903305
  0.0444228835  0.558735669
  0.0476332046  0.538580894
  0.0510755256  0.519646883
  0.054766614  0.501981676
  0.0587244444  0.485266417
  0.0629682839  0.469482064
  0.0675188303  0.454650104
  0.0723982304  0.440746933
  0.0776302516  0.427681446
  0.08324036  0.415314883
  0.0892559141  0.403625697
  0.0957061946  0.39257279
  0.102622591  0.38210699
  0.110038899  0.372184217
  0.117991112  0.362763703
  0.126518011  0.353808194


#m=     3
  0.000135661103  15.8492422
  0.000145464859  8.73454475
  0.000155977235  6.36390829
  0.000167249324  5.08996868
  0.000179335853  4.50520277
  0.000192296007  4.089921
  0.000206192752  3.93241215
  0.000221093796  3.7576921
  0.000237071697  3.6345861
  0.000254204031  3.50696063
  0.000272574747  3.41013789
  0.000292272744  3.37673926
  0.000313394587  3.31454396
  0.000336042838  3.26562238
  0.000360327627  3.1999011
  0.00038636761  3.16486788
  0.000414289243  3.12947989
  0.000444228703  3.12916136
  0.000476332003  3.09454179
  0.000510755344  3.06764555
  0.000547666103  3.06032372
  0.000587244285  3.04260755
  0.000629682967  3.03364635
  0.000675188261  3.02370596
  0.000723982463  3.01827955
  0.000776302477  2.99778676
  0.000832403544  2.99582124
  0.000892559299  2.99720407
  0.000957061886  2.99576283
  0.00102622586  2.98706174
  0.00110038917  2.98439145
  0.00117991108  2.97733617
  0.00126517972  2.97081852
  0.00135661103  2.96227598
  0.00145464926  2.95254564
  0.00155977311  2.94003916
  0.00167249329  2.92728138
  0.00179335941  2.91664481
  0.00192296098  2.90107656
  0.00206192769  2.88155341
  0.00221093697  2.86233258
  0.00237071584  2.84142685
  0.00254204054  2.81838179
  0.00272574741  2.79587412
  0.00292272912  2.76635456
  0.0031339475  2.73420095
  0.00336042838  2.7015481
  0.00360327656  2.66586113
  0.00386367622  2.62662792
  0.00414289255  2.58409357
  0.00444228714  2.53818846
  0.00476332009  2.48890853
  0.00510755088  2.43708205
  0.00547666103  2.38256168
  0.00587244285  2.32461023
  0.00629682979  2.26389742
  0.00675188284  2.20072365
  0.00723982463  2.13475204
  0.00776302535  2.0662179
  0.00832403544  1.99568927
  0.00892559346  1.92388892
  0.00957061909  1.8508184
  0.0102622593  1.77750504
  0.0110038919  1.70409429
  0.011799111  1.63139653
  0.012651803  1.56005239
  0.0135661112  1.48983526
  0.0145464931  1.42126608
  0.0155977318  1.35442567
  0.0167249255  1.28914988
  0.0179335941  1.22579825
  0.0192296114  1.16505444
  0.0206192825  1.10712945
  0.0221093707  1.05189812
  0.0237071607  0.99949652
  0.0254204124  0.950020254
  0.0272574686  0.9033584
  0.0292272903  0.859238923
  0.0313394666  0.817727387
  0.0336042754  0.779087305
  0.0360327661  0.743430495
  0.0386367552  0.710527539
  0.0414289273  0.680181503
  0.0444228835  0.651770234
  0.0476332046  0.624822915
  0.0510755256  0.599708498
  0.054766614  0.57651031
  0.0587244444  0.554681778
  0.0629682839  0.534198403
  0.0675188303  0.5151034
  0.0723982304  0.497361183
  0.0776302516  0.480822206
  0.08324036  0.465258569
  0.0892559141  0.450641483
  0.0957061946  0.436908811
  0.102622591  0.423984826
  0.110038899  0.411802679
  0.117991112  0.40030086
  0.126518011  0.389423937


#m=     4
  0.000135661103  17.4329739
  0.000145464859  11.2290955
  0.000155977235  8.98226357
  0.000167249324  6.06856537
  0.000179335853  6.86122513
  0.000192296007  5.35208464
  0.000206192752  4.75868702
  0.000221093796  4.08520985
  0.000237071697  4.25285006
  0.000254204031  4.2196331
  0.000272574747  4.01931286
  0.000292272744  4.08475637
  0.000313394587  4.0441432
  0.000336042838  4.19912958
  0.000360327627  4.23010111
  0.00038636761  4.16534281
  0.000414289243  4.12344646
  0.000444228703  4.07871675
  0.000476332003  3.91010213
  0.000510755344  3.85352349
  0.000547666103  3.89146495
  0.000587244285  3.86823845
  0.000629682967  3.84693837
  0.000675188261  3.85854602
  0.000723982463  3.90016341
  0.000776302477  3.8842876
  0.000832403544  3.88331723
  0.000892559299  3.9227128
  0.000957061886  3.90745831
  0.00102622586  3.91121674
  0.00110038917  3.93248367
  0.00117991108  3.94685745
  0.00126517972  3.93721867
  0.00135661103  3.91269326
  0.00145464926  3.92071962
  0.00155977311  3.90648103
  0.00167249329  3.87532783
  0.00179335941  3.85985494
  0.00192296098  3.83656597
  0.00206192769  3.79934001
  0.00221093697  3.7628777
  0.00237071584  3.72305846
  0.00254204054  3.68576622
  0.00272574741  3.65201616
  0.00292272912  3.60296273
  0.0031339475  3.54920125
  0.00336042838  3.49992943
  0.00360327656  3.44228768
  0.00386367622  3.3803184
  0.00414289255  3.31447029
  0.00444228714  3.24475932
  0.00476332009  3.17109537
  0.00510755088  3.09442163
  0.00547666103  3.01593995
  0.00587244285  2.93324327
  0.00629682979  2.84787774
  0.00675188284  2.75963283
  0.00723982463  2.66866422
  0.00776302535  2.57450199
  0.00832403544  2.47819281
  0.00892559346  2.38082981
  0.00957061909  2.2821219
  0.0102622593  2.1834774
  0.0110038919  2.08516693
  0.011799111  1.98826146
  0.012651803  1.89363754
  0.0135661112  1.80084193
  0.0145464931  1.71049595
  0.0155977318  1.62264049
  0.0167249255  1.53700483
  0.0179335941  1.45410764
  0.0192296114  1.3749969
  0.0206192825  1.29992497
  0.0221093707  1.22860742
  0.0237071607  1.16116369
  0.0254204124  1.09777939
  0.0272574686  1.03828561
  0.0292272903  0.9822914
  0.0313394666  0.929871023
  0.0336042754  0.881412566
  0.0360327661  0.837058485
  0.0386367552  0.796445608
  0.0414289273  0.759276152
  0.0444228835  0.724629521
  0.0476332046  0.691821277
  0.0510755256  0.661413491
  0.054766614  0.633535147
  0.0587244444  0.607393682
  0.0629682839  0.582966447
  0.0675188303  0.560326517
  0.0723982304  0.539430082
  0.0776302516  0.52006799
  0.08324036  0.501919985
  0.0892559141  0.484953851
  0.0957061946  0.469088584
  0.102622591  0.454223394
  0.110038899  0.440270364
  0.117991112  0.427148789
  0.126518011  0.414786488


#m=     5
  0.000155977235  14.3316612
  0.000167249324  7.16583061
  0.000179335853  4.77724218
  0.000192296007  3.58292747
  0.000206192752  2.86634016
  0.000221093796  2.38861561
  0.000237071697  2.04738426
  0.000254204031  4.87447739
  0.000272574747  3.63734531
  0.000292272744  4.55388975
  0.000313394587  5.72228384
  0.000336042838  5.21641636
  0.000360327627  4.63176775
  0.00038636761  4.87393856
  0.000414289243  4.61648369
  0.000444228703  4.81048918
  0.000476332003  4.26231289
  0.000510755344  4.38725567
  0.000547666103  4.79657269
  0.000587244285  4.58996153
  0.000629682967  4.71788788
  0.000675188261  4.5488081
  0.000723982463  4.72213268
  0.000776302477  4.58937216
  0.000832403544  4.69402504
  0.000892559299  4.90317631
  0.000957061886  4.89409733
  0.00102622586  4.84707642
  0.00110038917  4.97799397
  0.00117991108  4.99936152
  0.00126517972  4.95838022
  0.00135661103  4.89087915
  0.00145464926  4.90060616
  0.00155977311  4.86938906
  0.00167249329  4.78668737
  0.00179335941  4.76755333
  0.00192296098  4.73194933
  0.00206192769  4.65352297
  0.00221093697  4.60590506
  0.00237071584  4.54243279
  0.00254204054  4.49305058
  0.00272574741  4.43887615
  0.00292272912  4.36970806
  0.0031339475  4.28984404
  0.00336042838  4.22159624
  0.00360327656  4.14192677
  0.00386367622  4.05733728
  0.00414289255  3.96628547
  0.00444228714  3.87371826
  0.00476332009  3.77662396
  0.00510755088  3.67641592
  0.00547666103  3.57522011
  0.00587244285  3.47097039
  0.00629682979  3.36393046
  0.00675188284  3.25375772
  0.00723982463  3.14055753
  0.00776302535  3.02402592
  0.00832403544  2.90496278
  0.00892559346  2.78511524
  0.00957061909  2.66392279
  0.0102622593  2.54308057
  0.0110038919  2.42287421
  0.011799111  2.30461359
  0.012651803  2.1895051
  0.0135661112  2.07677126
  0.0145464931  1.96707499
  0.0155977318  1.86037374
  0.0167249255  1.75626755
  0.0179335941  1.65549135
  0.0192296114  1.55958593
  0.0206192825  1.46895027
  0.0221093707  1.38305783
  0.0237071607  1.3019712
  0.0254204124  1.22597826
  0.0272574686  1.15485835
  0.0292272903  1.08808565
  0.0313394666  1.0257591
  0.0336042754  0.968415678
  0.0360327661  0.916253567
  0.0386367552  0.868767202
  0.0414289273  0.825561881
  0.0444228835  0.78540051
  0.0476332046  0.747379899
  0.0510755256  0.712285459
  0.054766614  0.680302918
  0.0587244444  0.650380135
  0.0629682839  0.622504115
  0.0675188303  0.596785426
  0.0723982304  0.573175371
  0.0776302516  0.551405072
  0.08324036  0.531059623
  0.0892559141  0.512107015
  0.0957061946  0.494449288
  0.102622591  0.477961957
  0.110038899  0.462537348
  0.117991112  0.448076814
  0.126518011  0.434492737


#m=     6
  0.000476332003  26.4905434
  0.000510755344  9.3001709
  0.000547666103  11.2739944
  0.000587244285  7.71586943
  0.000629682967  8.43093491
  0.000675188261  6.94582987
  0.000723982463  6.06762028
  0.000776302477  5.77479696
  0.000832403544  5.85569143
  0.000892559299  6.39478016
  0.000957061886  6.26340246
  0.00102622586  5.7555275
  0.00110038917  5.97599936
  0.00117991108  6.20746422
  0.00126517972  5.97707939
  0.00135661103  5.86036777
  0.00145464926  5.94290495
  0.00155977311  5.87179279
  0.00167249329  5.65248442
  0.00179335941  5.66757059
  0.00192296098  5.60437346
  0.00206192769  5.47709322
  0.00221093697  5.42924547
  0.00237071584  5.32702398
  0.00254204054  5.2602129
  0.00272574741  5.17298222
  0.00292272912  5.07583094
  0.0031339475  4.97257853
  0.00336042838  4.87966871
  0.00360327656  4.7807188
  0.00386367622  4.67240763
  0.00414289255  4.5523982
  0.00444228714  4.43607283
  0.00476332009  4.31693554
  0.00510755088  4.1922555
  0.00547666103  4.0712657
  0.00587244285  3.9480319
  0.00629682979  3.82263637
  0.00675188284  3.69454694
  0.00723982463  3.56370068
  0.00776302535  3.42899275
  0.00832403544  3.29167581
  0.00892559346  3.15324306
  0.00957061909  3.01324725
  0.0102622593  2.87362766
  0.0110038919  2.73438954
  0.011799111  2.59721947
  0.012651803  2.4638617
  0.0135661112  2.33318853
  0.0145464931  2.20596957
  0.0155977318  2.08193827
  0.0167249255  1.9605788
  0.0179335941  1.84294212
  0.0192296114  1.73116148
  0.0206192825  1.62582183
  0.0221093707  1.52611077
  0.0237071607  1.43202996
  0.0254204124  1.34393346
  0.0272574686  1.26159263
  0.0292272903  1.18442869
  0.0313394666  1.1126076
  0.0336042754  1.04681838
  0.0360327661  0.98730582
  0.0386367552  0.933396816
  0.0414289273  0.884589851
  0.0444228835  0.839311421
  0.0476332046  0.796431422
  0.0510755256  0.756984055
  0.054766614  0.721219718
  0.0587244444  0.68781358
  0.0629682839  0.65676707
  0.0675188303  0.628234029
  0.0723982304  0.602163076
  0.0776302516  0.578224003
  0.08324036  0.555904806
  0.0892559141  0.535175622
  0.0957061946  0.515922666
  0.102622591  0.497998536
  0.110038899  0.481276333
  0.117991112  0.465640306
  0.126518011  0.450987875


#m=     7
  0.000587244285  14.3317595
  0.000629682967  11.7343388
  0.000675188261  6.45181799
  0.000723982463  9.2860775
  0.000776302477  6.51364422
  0.000832403544  8.86106873
  0.000892559299  10.0907068
  0.000957061886  8.68046951
  0.00102622586  6.32326555
  0.00110038917  7.23243141
  0.00117991108  7.7117753
  0.00126517972  7.17458534
  0.00135661103  7.18619585
  0.00145464926  7.21586561
  0.00155977311  6.99330521
  0.00167249329  6.53414917
  0.00179335941  6.56425524
  0.00192296098  6.43739796
  0.00206192769  6.2972517
  0.00221093697  6.19414282
  0.00237071584  6.04509401
  0.00254204054  6.00082684
  0.00272574741  5.86510181
  0.00292272912  5.72983408
  0.0031339475  5.61304522
  0.00336042838  5.49307156
  0.00360327656  5.37111616
  0.00386367622  5.23770905
  0.00414289255  5.0864892
  0.00444228714  4.95107841
  0.00476332009  4.81477594
  0.00510755088  4.66944551
  0.00547666103  4.53133535
  0.00587244285  4.39261675
  0.00629682979  4.24928141
  0.00675188284  4.10482025
  0.00723982463  3.958354
  0.00776302535  3.80653167
  0.00832403544  3.65137863
  0.00892559346  3.49496722
  0.00957061909  3.33685493
  0.0102622593  3.17970514
  0.0110038919  3.02278805
  0.011799111  2.86834359
  0.012651803  2.71847391
  0.0135661112  2.57177567
  0.0145464931  2.42886114
  0.0155977318  2.28898239
  0.0167249255  2.15153003
  0.0179335941  2.01798916
  0.0192296114  1.89113045
  0.0206192825  1.77184975
  0.0221093707  1.65903413
  0.0237071607  1.55260801
  0.0254204124  1.45303237
  0.0272574686  1.36003613
  0.0292272903  1.27298892
  0.0313394666  1.1921469
  0.0336042754  1.11836338
  0.0360327661  1.05193865
  0.0386367552  0.992020249
  0.0414289273  0.937999725
  0.0444228835  0.887950957
  0.0476332046  0.840513706
  0.0510755256  0.796994388
  0.054766614  0.757716596
  0.0587244444  0.721071661
  0.0629682839  0.68708092
  0.0675188303  0.655946493
  0.0723982304  0.627616882
  0.0776302516  0.601699293
  0.08324036  0.577582717
  0.0892559141  0.555241525
  0.0957061946  0.534547389
  0.102622591  0.515330255
  0.110038899  0.497444928
  0.117991112  0.480758995
  0.126518011  0.465155602


#m=     8
  0.000892559299  18.71385
  0.000957061886  11.0937042
  0.00102622586  6.69097185
  0.00110038917  8.25265026
  0.00117991108  8.18689251
  0.00126517972  8.27468872
  0.00135661103  8.19737911
  0.00145464926  8.03754997
  0.00155977311  7.91260004
  0.00167249329  7.318995
  0.00179335941  7.4767499
  0.00192296098  7.2983861
  0.00206192769  7.21481037
  0.00221093697  7.10575962
  0.00237071584  6.84577894
  0.00254204054  6.86517906
  0.00272574741  6.63325977
  0.00292272912  6.43366385
  0.0031339475  6.27447557
  0.00336042838  6.11690235
  0.00360327656  5.945086
  0.00386367622  5.77022028
  0.00414289255  5.58975124
  0.00444228714  5.43258619
  0.00476332009  5.27412939
  0.00510755088  5.10462856
  0.00547666103  4.95084333
  0.00587244285  4.79720354
  0.00629682979  4.63588762
  0.00675188284  4.47463465
  0.00723982463  4.31435347
  0.00776302535  4.14852047
  0.00832403544  3.97707605
  0.00892559346  3.80481482
  0.00957061909  3.63036799
  0.0102622593  3.45760465
  0.0110038919  3.2850399
  0.011799111  3.11534238
  0.012651803  2.95122886
  0.0135661112  2.79071236
  0.0145464931  2.63426495
  0.0155977318  2.48055243
  0.0167249255  2.3288064
  0.0179335941  2.1809082
  0.0192296114  2.04028988
  0.0206192825  1.90828133
  0.0221093707  1.78336883
  0.0237071607  1.66541791
  0.0254204124  1.55503011
  0.0272574686  1.45194614
  0.0292272903  1.35550725
  0.0313394666  1.2660749
  0.0336042754  1.18468785
  0.0360327661  1.11171913
  0.0386367552  1.04613042
  0.0414289273  0.987209082
  0.0444228835  0.932663381
  0.0476332046  0.880901396
  0.0510755256  0.833525896
  0.054766614  0.790940404
  0.0587244444  0.751242578
  0.0629682839  0.71447885
  0.0675188303  0.680904746
  0.0723982304  0.65046978
  0.0776302516  0.622718215
  0.08324036  0.596937716
  0.0892559141  0.573108912
  0.0957061946  0.551089525
  0.102622591  0.530687749
  0.110038899  0.511740327
  0.117991112  0.494098723
  0.126518011  0.477632284


#m=     9
  0.000892559299  19.8679047
  0.000957061886  10.9990311
  0.00102622586  6.2230773
  0.00110038917  8.62618828
  0.00117991108  8.22621632
  0.00126517972  8.1366787
  0.00135661103  7.78951454
  0.00145464926  7.66223574
  0.00155977311  8.70688248
  0.00167249329  8.29950047
  0.00179335941  8.50814342
  0.00192296098  8.14402008
  0.00206192769  8.15871143
  0.00221093697  8.12582684
  0.00237071584  7.73459196
  0.00254204054  7.84642172
  0.00272574741  7.41532421
  0.00292272912  7.11015606
  0.0031339475  6.9219985
  0.00336042838  6.71110201
  0.00360327656  6.50040817
  0.00386367622  6.28377819
  0.00414289255  6.07966375
  0.00444228714  5.89948606
  0.00476332009  5.72176743
  0.00510755088  5.52895117
  0.00547666103  5.35767412
  0.00587244285  5.18902779
  0.00629682979  5.00781536
  0.00675188284  4.82740593
  0.00723982463  4.6513133
  0.00776302535  4.46991205
  0.00832403544  4.28035688
  0.00892559346  4.09107399
  0.00957061909  3.89988613
  0.0102622593  3.7113142
  0.0110038919  3.52364516
  0.011799111  3.33961439
  0.012651803  3.16245508
  0.0135661112  2.98951244
  0.0145464931  2.82117414
  0.0155977318  2.65526581
  0.0167249255  2.49088264
  0.0179335941  2.33035707
  0.0192296114  2.17749047
  0.0206192825  2.03403234
  0.0221093707  1.89810276
  0.0237071607  1.76951671
  0.0254204124  1.64906108
  0.0272574686  1.53653491
  0.0292272903  1.43131924
  0.0313394666  1.33387768
  0.0336042754  1.24542522
  0.0360327661  1.16640604
  0.0386367552  1.09559238
  0.0414289273  1.03216553
  0.0444228835  0.973463237
  0.0476332046  0.917661726
  0.0510755256  0.866686225
  0.054766614  0.821029484
  0.0587244444  0.778487742
  0.0629682839  0.739139616
  0.0675188303  0.703299224
  0.0723982304  0.670920074
  0.0776302516  0.641483247
  0.08324036  0.614174306
  0.0892559141  0.588982701
  0.0957061946  0.565753102
  0.102622591  0.54427284
  0.110038899  0.524361253
  0.117991112  0.505854487
  0.126518011  0.488608927


#m=    10
  0.00117991108  23.6175823
  0.00126517972  13.9854689
  0.00135661103  8.75172806
  0.00145464926  8.42252922
  0.00155977311  10.9504328
  0.00167249329  10.5195818
  0.00179335941  9.71117496
  0.00192296098  8.76735497
  0.00206192769  8.94094658
  0.00221093697  9.04605293
  0.00237071584  8.63734818
  0.00254204054  8.96704006
  0.00272574741  8.28578091
  0.00292272912  7.82911348
  0.0031339475  7.54909706
  0.00336042838  7.28442669
  0.00360327656  7.00843954
  0.00386367622  6.75767565
  0.00414289255  6.54020405
  0.00444228714  6.33008242
  0.00476332009  6.13006783
  0.00510755088  5.91426611
  0.00547666103  5.7311902
  0.00587244285  5.55108261
  0.00629682979  5.35639191
  0.00675188284  5.16214275
  0.00723982463  4.97467852
  0.00776302535  4.78062773
  0.00832403544  4.57560158
  0.00892559346  4.37060213
  0.00957061909  4.16296721
  0.0102622593  3.95868468
  0.0110038919  3.75568008
  0.011799111  3.5573256
  0.012651803  3.3671422
  0.0135661112  3.18196034
  0.0145464931  3.00191736
  0.0155977318  2.82411289
  0.0167249255  2.64736223
  0.0179335941  2.47453809
  0.0192296114  2.30965257
  0.0206192825  2.15489745
  0.0221093707  2.00810528
  0.0237071607  1.86908579
  0.0254204124  1.73883688
  0.0272574686  1.61716878
  0.0292272903  1.50347722
  0.0313394666  1.39830768
  0.0336042754  1.30304742
  0.0360327661  1.21822071
  0.0386367552  1.14240515
  0.0414289273  1.07467365
  0.0444228835  1.01198494
  0.0476332046  0.952281296
  0.0510755256  0.897832632
  0.054766614  0.849226594
  0.0587244444  0.803950012
  0.0629682839  0.762117147
  0.0675188303  0.724105299
  0.0723982304  0.689872622
  0.0776302516  0.658836365
  0.08324036  0.630078197
  0.0892559141  0.603597283
  0.0957061946  0.579226136
  0.102622591  0.556731403
  0.110038899  0.535915434
  0.117991112  0.516599298
  0.126518011  0.498626381


