#epsilon= 1.282010e-004  dim= 3
0 -7.210735e+000 7
1 -2.759129e+000 7
2 -3.192921e+000 7
3 -4.283525e+000 7
4 -2.682375e+000 7
5 -3.118088e+000 7
6 -3.192097e+000 7
7 -2.603812e+000 7
8 -2.796962e+000 7
9 -2.888085e+000 7
10 -2.421290e+000 7
11 -2.555413e+000 7
12 -2.889853e+000 7
13 -2.106796e+000 7
14 -2.509243e+000 7
15 -2.685239e+000 7
16 -2.181466e+000 7
17 -2.516562e+000 7
18 -3.045429e+000 7
19 -2.268148e+000 7
20 -2.610160e+000 7
21 -2.836192e+000 7
22 -2.473102e+000 7
23 -2.473787e+000 7
24 -2.906409e+000 7
25 -2.515383e+000 7
26 -2.199606e+000 7
27 -2.516615e+000 7
28 -2.488210e+000 7
29 -2.132859e+000 7
30 -2.541297e+000 7
31 -2.351996e+000 7
32 -2.134721e+000 7
33 -2.546433e+000 7
34 -2.261131e+000 7
35 -2.388460e+000 7
36 -2.742494e+000 7
37 -2.347129e+000 7
38 -2.612045e+000 7
39 -2.978937e+000 7
40 -2.597783e+000 7
41 -2.817059e+000 7
42 -2.759476e+000 7
43 -2.609539e+000 7
44 -2.826877e+000 7
45 -2.882244e+000 7
46 -2.424093e+000 7
47 -2.823596e+000 7
48 -2.978419e+000 7
49 -2.402564e+000 7
50 -2.597085e+000 7
51 -3.327301e+000 7
52 -2.374329e+000 7
53 -2.592997e+000 7
54 -2.756491e+000 7
55 -2.382740e+000 7
56 -2.240813e+000 7
57 -2.355259e+000 7
58 -2.394650e+000 7
59 -2.170268e+000 7
60 -1.969532e+000 7
61 -2.090647e+000 7
62 -2.136732e+000 7
63 -1.963844e+000 7
64 -2.166091e+000 7
65 -2.378780e+000 7
66 -2.238674e+000 7
67 -2.169163e+000 7
68 -2.273673e+000 7
69 -2.285191e+000 7
70 -2.212455e+000 7
71 -2.182104e+000 7
72 -2.025553e+000 7
73 -2.134207e+000 7
74 -2.010515e+000 7
75 -1.934206e+000 7
76 -2.137553e+000 7
77 -2.097274e+000 7
78 -2.005089e+000 7
79 -2.211566e+000 7
80 -2.274310e+000 7
81 -1.974383e+000 7
82 -2.102722e+000 7
83 -2.336109e+000 7
84 -1.899593e+000 7
85 -2.054714e+000 7
86 -2.312988e+000 7
87 -2.020359e+000 7
88 -2.242812e+000 7
89 -2.228142e+000 7
90 -2.019826e+000 7
91 -2.326949e+000 7
92 -2.164726e+000 7
93 -2.206720e+000 7
94 -2.641464e+000 7
95 -2.124093e+000 7
96 -2.410610e+000 7
97 -2.356940e+000 7
98 -2.284133e+000 7
99 -2.535514e+000 7
100 -2.292353e+000 7

#epsilon= 2.279773e-004  dim= 3
0 -6.643313e+000 42
1 -2.674930e+000 42
2 -2.824530e+000 42
3 -3.810776e+000 42
4 -2.645337e+000 42
5 -2.705491e+000 42
6 -2.907003e+000 42
7 -2.633896e+000 42
8 -2.648780e+000 42
9 -2.640278e+000 42
10 -2.612786e+000 42
11 -2.526511e+000 42
12 -2.577476e+000 42
13 -2.590433e+000 42
14 -2.560343e+000 42
15 -2.608031e+000 42
16 -2.521086e+000 42
17 -2.565386e+000 42
18 -2.629747e+000 42
19 -2.429382e+000 42
20 -2.558324e+000 42
21 -2.672555e+000 42
22 -2.518774e+000 42
23 -2.548793e+000 42
24 -2.710585e+000 42
25 -2.648828e+000 42
26 -2.539486e+000 42
27 -2.529135e+000 42
28 -2.662714e+000 42
29 -2.576322e+000 42
30 -2.468692e+000 42
31 -2.524597e+000 42
32 -2.473731e+000 42
33 -2.502535e+000 42
34 -2.523927e+000 42
35 -2.526641e+000 42
36 -2.522314e+000 42
37 -2.465620e+000 42
38 -2.518299e+000 42
39 -2.466991e+000 42
40 -2.604084e+000 42
41 -2.554827e+000 42
42 -2.449765e+000 42
43 -2.605342e+000 42
44 -2.466182e+000 42
45 -2.501759e+000 42
46 -2.478986e+000 42
47 -2.501920e+000 42
48 -2.644965e+000 42
49 -2.365893e+000 42
50 -2.506558e+000 42
51 -2.649252e+000 42
52 -2.353747e+000 42
53 -2.517652e+000 42
54 -2.593076e+000 42
55 -2.385729e+000 42
56 -2.506115e+000 42
57 -2.554553e+000 42
58 -2.408942e+000 42
59 -2.454678e+000 42
60 -2.569965e+000 42
61 -2.363115e+000 42
62 -2.540971e+000 42
63 -2.501112e+000 42
64 -2.385815e+000 42
65 -2.530366e+000 42
66 -2.527089e+000 42
67 -2.367728e+000 42
68 -2.509707e+000 42
69 -2.549753e+000 42
70 -2.378008e+000 42
71 -2.518813e+000 42
72 -2.514562e+000 42
73 -2.483479e+000 42
74 -2.512050e+000 42
75 -2.429886e+000 42
76 -2.544264e+000 42
77 -2.599897e+000 42
78 -2.449621e+000 42
79 -2.574714e+000 42
80 -2.600273e+000 42
81 -2.469327e+000 42
82 -2.522852e+000 42
83 -2.524356e+000 42
84 -2.319270e+000 42
85 -2.534648e+000 42
86 -2.425813e+000 42
87 -2.295468e+000 42
88 -2.487385e+000 42
89 -2.404284e+000 42
90 -2.377738e+000 42
91 -2.475411e+000 42
92 -2.396804e+000 42
93 -2.515772e+000 42
94 -2.509516e+000 42
95 -2.441202e+000 42
96 -2.547795e+000 42
97 -2.581642e+000 42
98 -2.531863e+000 42
99 -2.562382e+000 42
100 -2.627540e+000 42

#epsilon= 4.054073e-004  dim= 3
0 -6.066571e+000 170
1 -2.646092e+000 170
2 -2.664097e+000 170
3 -3.465373e+000 170
4 -2.607087e+000 170
5 -2.661577e+000 170
6 -2.795523e+000 170
7 -2.570517e+000 170
8 -2.576583e+000 170
9 -2.513848e+000 170
10 -2.534328e+000 170
11 -2.486286e+000 170
12 -2.473841e+000 170
13 -2.489224e+000 170
14 -2.434430e+000 170
15 -2.456348e+000 170
16 -2.471212e+000 170
17 -2.468202e+000 170
18 -2.410225e+000 170
19 -2.391788e+000 170
20 -2.435020e+000 170
21 -2.448831e+000 170
22 -2.438724e+000 170
23 -2.479703e+000 170
24 -2.469191e+000 170
25 -2.434856e+000 170
26 -2.483584e+000 170
27 -2.467088e+000 170
28 -2.518592e+000 170
29 -2.529319e+000 170
30 -2.407139e+000 170
31 -2.454866e+000 170
32 -2.465566e+000 170
33 -2.396844e+000 170
34 -2.476912e+000 170
35 -2.422073e+000 170
36 -2.403954e+000 170
37 -2.426378e+000 170
38 -2.430867e+000 170
39 -2.436749e+000 170
40 -2.470109e+000 170
41 -2.402934e+000 170
42 -2.426672e+000 170
43 -2.450425e+000 170
44 -2.428843e+000 170
45 -2.428274e+000 170
46 -2.390020e+000 170
47 -2.406205e+000 170
48 -2.467665e+000 170
49 -2.373569e+000 170
50 -2.396853e+000 170
51 -2.465601e+000 170
52 -2.380944e+000 170
53 -2.396776e+000 170
54 -2.465218e+000 170
55 -2.394055e+000 170
56 -2.414720e+000 170
57 -2.457056e+000 170
58 -2.353844e+000 170
59 -2.439607e+000 170
60 -2.472933e+000 170
61 -2.316451e+000 170
62 -2.451266e+000 170
63 -2.468657e+000 170
64 -2.349096e+000 170
65 -2.439317e+000 170
66 -2.428502e+000 170
67 -2.400908e+000 170
68 -2.482053e+000 170
69 -2.427381e+000 170
70 -2.429894e+000 170
71 -2.437932e+000 170
72 -2.423239e+000 170
73 -2.478375e+000 170
74 -2.415837e+000 170
75 -2.464209e+000 170
76 -2.502405e+000 170
77 -2.429476e+000 170
78 -2.442666e+000 170
79 -2.471994e+000 170
80 -2.455969e+000 170
81 -2.433994e+000 170
82 -2.414289e+000 170
83 -2.432149e+000 170
84 -2.415273e+000 170
85 -2.399821e+000 170
86 -2.399148e+000 170
87 -2.444061e+000 170
88 -2.450962e+000 170
89 -2.372845e+000 170
90 -2.499840e+000 170
91 -2.488107e+000 170
92 -2.392162e+000 170
93 -2.507839e+000 170
94 -2.469771e+000 170
95 -2.413525e+000 170
96 -2.502846e+000 170
97 -2.459012e+000 170
98 -2.474898e+000 170
99 -2.446300e+000 170
100 -2.471226e+000 170

#epsilon= 7.209274e-004  dim= 3
0 -5.465788e+000 353
1 -2.525532e+000 353
2 -2.493565e+000 353
3 -3.174582e+000 353
4 -2.468295e+000 353
5 -2.496510e+000 353
6 -2.649763e+000 353
7 -2.423281e+000 353
8 -2.427646e+000 353
9 -2.382683e+000 353
10 -2.398492e+000 353
11 -2.391300e+000 353
12 -2.393222e+000 353
13 -2.409230e+000 353
14 -2.367916e+000 353
15 -2.391674e+000 353
16 -2.381391e+000 353
17 -2.372486e+000 353
18 -2.400197e+000 353
19 -2.369791e+000 353
20 -2.360141e+000 353
21 -2.398778e+000 353
22 -2.383272e+000 353
23 -2.333695e+000 353
24 -2.399318e+000 353
25 -2.383200e+000 353
26 -2.326494e+000 353
27 -2.381977e+000 353
28 -2.375267e+000 353
29 -2.358281e+000 353
30 -2.347600e+000 353
31 -2.364775e+000 353
32 -2.362312e+000 353
33 -2.323136e+000 353
34 -2.367718e+000 353
35 -2.381858e+000 353
36 -2.332661e+000 353
37 -2.339231e+000 353
38 -2.398214e+000 353
39 -2.332038e+000 353
40 -2.338701e+000 353
41 -2.382412e+000 353
42 -2.349840e+000 353
43 -2.358497e+000 353
44 -2.343259e+000 353
45 -2.340204e+000 353
46 -2.354645e+000 353
47 -2.334547e+000 353
48 -2.351987e+000 353
49 -2.356941e+000 353
50 -2.333444e+000 353
51 -2.341616e+000 353
52 -2.327513e+000 353
53 -2.332167e+000 353
54 -2.368161e+000 353
55 -2.307756e+000 353
56 -2.324568e+000 353
57 -2.360101e+000 353
58 -2.289962e+000 353
59 -2.345707e+000 353
60 -2.375351e+000 353
61 -2.299430e+000 353
62 -2.356288e+000 353
63 -2.371621e+000 353
64 -2.333396e+000 353
65 -2.387157e+000 353
66 -2.372296e+000 353
67 -2.360010e+000 353
68 -2.377446e+000 353
69 -2.370453e+000 353
70 -2.355615e+000 353
71 -2.354774e+000 353
72 -2.370352e+000 353
73 -2.406303e+000 353
74 -2.371334e+000 353
75 -2.343710e+000 353
76 -2.408317e+000 353
77 -2.372496e+000 353
78 -2.333576e+000 353
79 -2.352113e+000 353
80 -2.383041e+000 353
81 -2.310236e+000 353
82 -2.306558e+000 353
83 -2.361049e+000 353
84 -2.312377e+000 353
85 -2.320864e+000 353
86 -2.352350e+000 353
87 -2.340519e+000 353
88 -2.349077e+000 353
89 -2.349071e+000 353
90 -2.373147e+000 353
91 -2.369136e+000 353
92 -2.367783e+000 353
93 -2.361913e+000 353
94 -2.359423e+000 353
95 -2.382105e+000 353
96 -2.346740e+000 353
97 -2.373523e+000 353
98 -2.406348e+000 353
99 -2.337207e+000 353
100 -2.368790e+000 353

#epsilon= 1.282010e-003  dim= 3
0 -4.869523e+000 452
1 -2.381812e+000 452
2 -2.375872e+000 452
3 -2.946592e+000 452
4 -2.350837e+000 452
5 -2.333824e+000 452
6 -2.521712e+000 452
7 -2.315226e+000 452
8 -2.290487e+000 452
9 -2.284525e+000 452
10 -2.287718e+000 452
11 -2.275967e+000 452
12 -2.299037e+000 452
13 -2.290061e+000 452
14 -2.258652e+000 452
15 -2.284208e+000 452
16 -2.286362e+000 452
17 -2.269049e+000 452
18 -2.286981e+000 452
19 -2.297699e+000 452
20 -2.278683e+000 452
21 -2.289969e+000 452
22 -2.292897e+000 452
23 -2.289183e+000 452
24 -2.299395e+000 452
25 -2.281127e+000 452
26 -2.263313e+000 452
27 -2.279226e+000 452
28 -2.264409e+000 452
29 -2.256095e+000 452
30 -2.264199e+000 452
31 -2.257527e+000 452
32 -2.255001e+000 452
33 -2.246736e+000 452
34 -2.273219e+000 452
35 -2.270749e+000 452
36 -2.258448e+000 452
37 -2.267936e+000 452
38 -2.265903e+000 452
39 -2.256996e+000 452
40 -2.270692e+000 452
41 -2.272373e+000 452
42 -2.270024e+000 452
43 -2.275823e+000 452
44 -2.259647e+000 452
45 -2.270815e+000 452
46 -2.294887e+000 452
47 -2.264567e+000 452
48 -2.271626e+000 452
49 -2.295748e+000 452
50 -2.265473e+000 452
51 -2.273582e+000 452
52 -2.282743e+000 452
53 -2.266360e+000 452
54 -2.273942e+000 452
55 -2.259160e+000 452
56 -2.268329e+000 452
57 -2.270071e+000 452
58 -2.244296e+000 452
59 -2.263308e+000 452
60 -2.255838e+000 452
61 -2.240829e+000 452
62 -2.272714e+000 452
63 -2.246960e+000 452
64 -2.247979e+000 452
65 -2.263893e+000 452
66 -2.241474e+000 452
67 -2.254035e+000 452
68 -2.257617e+000 452
69 -2.241581e+000 452
70 -2.261979e+000 452
71 -2.254185e+000 452
72 -2.247309e+000 452
73 -2.270150e+000 452
74 -2.247101e+000 452
75 -2.252301e+000 452
76 -2.262269e+000 452
77 -2.247687e+000 452
78 -2.251150e+000 452
79 -2.240718e+000 452
80 -2.256130e+000 452
81 -2.251361e+000 452
82 -2.232969e+000 452
83 -2.267324e+000 452
84 -2.244930e+000 452
85 -2.239022e+000 452
86 -2.264155e+000 452
87 -2.239980e+000 452
88 -2.251094e+000 452
89 -2.254368e+000 452
90 -2.243718e+000 452
91 -2.266744e+000 452
92 -2.264290e+000 452
93 -2.252021e+000 452
94 -2.259491e+000 452
95 -2.271820e+000 452
96 -2.263837e+000 452
97 -2.283935e+000 452
98 -2.284360e+000 452
99 -2.274496e+000 452
100 -2.281132e+000 452

