#m=     1
  0.000210434475  14.8398848
  0.000225642056  7.69289303
  0.000241948641  5.29801369
  0.000259433407  4.1066885
  0.000278182037  3.39311576
  0.000298285566  2.92003989
  0.000319841609  2.58729434
  0.000342955755  2.33848906
  0.000367740315  2.14424706
  0.000394315808  1.98791718
  0.000422812038  1.86473322
  0.000453367393  1.76363194
  0.000486130913  1.67603731
  0.000521262409  1.60332096
  0.000558932428  1.54161
  0.000599325111  1.48717725
  0.000642636558  1.43971312
  0.000689078297  1.39831042
  0.00073887594  1.36123669
  0.000792272273  1.32837975
  0.000849527831  1.29897678
  0.000910920673  1.27284217
  0.000976750627  1.24904442
  0.00104733801  1.22784948
  0.0011230259  1.20871902
  0.00120418426  1.19136822
  0.00129120704  1.17539465
  0.00138451939  1.16086006
  0.0014845737  1.1471957
  0.0015918602  1.13478374
  0.00170689914  1.12326741
  0.00183025165  1.11243212
  0.00196251948  1.10229266
  0.00210434478  1.09270287
  0.00225641951  1.08357871
  0.00241948641  1.07478452
  0.00259433547  1.06643558
  0.00278182048  1.05835211
  0.00298285554  1.05049813
  0.00319841621  1.04266357
  0.00342955766  1.03478801
  0.00367740332  1.02694118
  0.00394315831  1.01877391
  0.00422812067  1.01059508
  0.0045336741  1.00203955
  0.00486130919  0.99310869
  0.00521262409  0.983648419
  0.00558932452  0.973658264
  0.00599324843  0.963118196
  0.00642636558  0.951822579
  0.00689078309  0.939760387
  0.0073887594  0.926996708
  0.00792272296  0.913417995
  0.00849527866  0.898927271
  0.0091092065  0.883590579
  0.00976750627  0.867360353
  0.0104733799  0.850227892
  0.0112302601  0.832289219
  0.012041837  0.813550591
  0.0129120704  0.794189572
  0.0138451876  0.774293005
  0.0148457382  0.753995955
  0.0159186032  0.733421981
  0.0170689914  0.712698817
  0.018302517  0.691964269
  0.0196251906  0.67132616
  0.0210434478  0.650856376
  0.0225642007  0.630677938
  0.024194859  0.610866904
  0.02594335  0.591531694
  0.0278181974  0.572736621
  0.0298285503  0.554564297
  0.031984169  0.53705591
  0.0342955776  0.520203114
  0.0367740355  0.504051507
  0.0394315943  0.488556653
  0.0422811955  0.473696232
  0.045336742  0.459467977
  0.048613105  0.445882618
  0.05212624  0.432906389
  0.0558932498  0.420508593
  0.0599325001  0.408690065
  0.0642636567  0.397445828
  0.0689078197  0.386767447
  0.0738875791  0.376640379
  0.0792272314  0.367035419
  0.0849527866  0.357890278
  0.0910920724  0.349177361
  0.0976750478  0.340875119
  0.104733802  0.332958162
  0.112302601  0.325404525
  0.120418407  0.31820938
  0.129120678  0.31132558
  0.138451919  0.304711372
  0.148457393  0.298368663
  0.159186006  0.292284012
  0.170689911  0.286442339
  0.183025196  0.280829489
  0.196251899  0.275432408


#m=     2
  0.000210434475  15.3442755
  0.000225642056  8.26533508
  0.000241948641  5.87699986
  0.000259433407  4.69724512
  0.000278182037  4.00272846
  0.000298285566  3.54127121
  0.000319841609  3.23358345
  0.000342955755  2.99040842
  0.000367740315  2.79852033
  0.000394315808  2.64564586
  0.000422812038  2.55041718
  0.000453367393  2.47250223
  0.000486130913  2.39439058
  0.000521262409  2.33363318
  0.000558932428  2.28937054
  0.000599325111  2.24789667
  0.000642636558  2.20786476
  0.000689078297  2.17889261
  0.00073887594  2.15227032
  0.000792272273  2.13071656
  0.000849527831  2.11160254
  0.000910920673  2.09643102
  0.000976750627  2.08240843
  0.00104733801  2.06799245
  0.0011230259  2.05681109
  0.00120418426  2.04694533
  0.00129120704  2.03769088
  0.00138451939  2.03069806
  0.0014845737  2.02176785
  0.0015918602  2.01541495
  0.00170689914  2.00859427
  0.00183025165  2.00131249
  0.00196251948  1.99359214
  0.00210434478  1.9858644
  0.00225641951  1.97839022
  0.00241948641  1.97022426
  0.00259433547  1.96215236
  0.00278182048  1.95352483
  0.00298285554  1.94464123
  0.00319841621  1.93408203
  0.00342955766  1.92236996
  0.00367740332  1.91023493
  0.00394315831  1.89611936
  0.00422812067  1.88139725
  0.0045336741  1.86473954
  0.00486130919  1.84652591
  0.00521262409  1.82597637
  0.00558932452  1.80353296
  0.00599324843  1.7789818
  0.00642636558  1.75204372
  0.00689078309  1.72285962
  0.0073887594  1.69125116
  0.00792272296  1.65742242
  0.00849527866  1.62135148
  0.0091092065  1.5829109
  0.00976750627  1.54214168
  0.0104733799  1.49926305
  0.0112302601  1.4546001
  0.012041837  1.40819609
  0.0129120704  1.3607353
  0.0138451876  1.31241596
  0.0148457382  1.2636739
  0.0159186032  1.21490467
  0.0170689914  1.16651309
  0.018302517  1.11884713
  0.0196251906  1.07211781
  0.0210434478  1.02644753
  0.0225642007  0.982105255
  0.024194859  0.93922931
  0.02594335  0.898055315
  0.0278181974  0.858682096
  0.0298285503  0.821233332
  0.031984169  0.785760999
  0.0342955776  0.752154291
  0.0367740355  0.72047013
  0.0394315943  0.690515935
  0.0422811955  0.662198842
  0.045336742  0.635470808
  0.048613105  0.610322177
  0.05212624  0.586643398
  0.0558932498  0.564341784
  0.0599325001  0.543397069
  0.0642636567  0.523772001
  0.0689078197  0.505423725
  0.0738875791  0.488299936
  0.0792272314  0.472312808
  0.0849527866  0.457294703
  0.0910920724  0.443171054
  0.0976750478  0.429885179
  0.104733802  0.417371869
  0.112302601  0.40557614
  0.120418407  0.394486755
  0.129120678  0.383988082
  0.138451919  0.373980343
  0.148457393  0.364472091
  0.159186006  0.355433822
  0.170689911  0.346832335
  0.183025196  0.338637203
  0.196251899  0.330820471


#m=     3
  0.000210434475  16.0505371
  0.000225642056  8.88244629
  0.000241948641  6.31568527
  0.000259433407  5.3072896
  0.000278182037  4.5633049
  0.000298285566  4.11178398
  0.000319841609  3.97102427
  0.000342955755  3.78496051
  0.000367740315  3.52537894
  0.000394315808  3.38861179
  0.000422812038  3.31870604
  0.000453367393  3.24973035
  0.000486130913  3.13664913
  0.000521262409  3.11141205
  0.000558932428  3.0976851
  0.000599325111  3.06097317
  0.000642636558  3.05146241
  0.000689078297  3.05142236
  0.00073887594  3.02211404
  0.000792272273  3.00336933
  0.000849527831  3.00142145
  0.000910920673  3.01055455
  0.000976750627  3.00945377
  0.00104733801  3.01935101
  0.0011230259  3.01013684
  0.00120418426  3.00256157
  0.00129120704  2.99275947
  0.00138451939  2.98762321
  0.0014845737  2.97753167
  0.0015918602  2.97114038
  0.00170689914  2.96671486
  0.00183025165  2.96427226
  0.00196251948  2.95218897
  0.00210434478  2.94084382
  0.00225641951  2.92788601
  0.00241948641  2.91554022
  0.00259433547  2.90170789
  0.00278182048  2.88483405
  0.00298285554  2.8698926
  0.00319841621  2.85200953
  0.00342955766  2.82899737
  0.00367740332  2.80652642
  0.00394315831  2.78169417
  0.00422812067  2.75507498
  0.0045336741  2.72396612
  0.00486130919  2.69078898
  0.00521262409  2.65326262
  0.00558932452  2.61198831
  0.00599324843  2.5676651
  0.00642636558  2.51884079
  0.00689078309  2.46771145
  0.0073887594  2.41192365
  0.00792272296  2.35342765
  0.00849527866  2.29151297
  0.0091092065  2.22583437
  0.00976750627  2.15697503
  0.0104733799  2.08509421
  0.0112302601  2.01066422
  0.012041837  1.93375552
  0.0129120704  1.8557291
  0.0138451876  1.77683163
  0.0148457382  1.69787824
  0.0159186032  1.61964035
  0.0170689914  1.5429337
  0.018302517  1.46831703
  0.0196251906  1.3959744
  0.0210434478  1.32601821
  0.0225642007  1.25874519
  0.024194859  1.19429588
  0.02594335  1.13299906
  0.0278181974  1.07494044
  0.0298285503  1.02022886
  0.031984169  0.968886435
  0.0342955776  0.920648575
  0.0367740355  0.875576973
  0.0394315943  0.833286464
  0.0422811955  0.793596089
  0.045336742  0.756411254
  0.048613105  0.721702278
  0.05212624  0.68927592
  0.0558932498  0.658973277
  0.0599325001  0.63075608
  0.0642636567  0.604553401
  0.0689078197  0.580287099
  0.0738875791  0.557865143
  0.0792272314  0.537136793
  0.0849527866  0.517818689
  0.0910920724  0.499789625
  0.0976750478  0.482959569
  0.104733802  0.467224717
  0.112302601  0.452498943
  0.120418407  0.438769698
  0.129120678  0.425850093
  0.138451919  0.413581401
  0.148457393  0.401985079
  0.159186006  0.391018897
  0.170689911  0.380634129
  0.183025196  0.370786458
  0.196251899  0.361435562


#m=     4
  0.000210434475  16.4918518
  0.000225642056  9.00515175
  0.000241948641  6.39696646
  0.000259433407  5.90787458
  0.000278182037  5.39590025
  0.000298285566  5.46082687
  0.000319841609  4.83134699
  0.000342955755  4.74681759
  0.000367740315  4.18832588
  0.000394315808  4.2607584
  0.000422812038  4.13090086
  0.000453367393  4.04329109
  0.000486130913  3.85668111
  0.000521262409  3.72307801
  0.000558932428  3.81236267
  0.000599325111  3.75919819
  0.000642636558  3.73700786
  0.000689078297  3.86764622
  0.00073887594  3.92401505
  0.000792272273  3.8635478
  0.000849527831  3.87346983
  0.000910920673  3.9295218
  0.000976750627  3.98251367
  0.00104733801  4.02659845
  0.0011230259  4.03431511
  0.00120418426  4.036057
  0.00129120704  3.99281263
  0.00138451939  3.98495269
  0.0014845737  3.9546864
  0.0015918602  3.93432426
  0.00170689914  3.92025065
  0.00183025165  3.943084
  0.00196251948  3.92195868
  0.00210434478  3.91090441
  0.00225641951  3.87822342
  0.00241948641  3.86120296
  0.00259433547  3.83395648
  0.00278182048  3.80276442
  0.00298285554  3.78223395
  0.00319841621  3.75291014
  0.00342955766  3.72524023
  0.00367740332  3.68661809
  0.00394315831  3.64772177
  0.00422812067  3.60439253
  0.0045336741  3.55638671
  0.00486130919  3.50672054
  0.00521262409  3.45149207
  0.00558932452  3.38900757
  0.00599324843  3.32360148
  0.00642636558  3.25121617
  0.00689078309  3.17719436
  0.0073887594  3.09672189
  0.00792272296  3.01312423
  0.00849527866  2.92516351
  0.0091092065  2.83131909
  0.00976750627  2.73345637
  0.0104733799  2.63192606
  0.0112302601  2.52703667
  0.012041837  2.4188056
  0.0129120704  2.30957198
  0.0138451876  2.19964266
  0.0148457382  2.09021211
  0.0159186032  1.98261178
  0.0170689914  1.87804914
  0.018302517  1.77714682
  0.0196251906  1.68005502
  0.0210434478  1.58692813
  0.0225642007  1.49799931
  0.024194859  1.41335607
  0.02594335  1.33338284
  0.0278181974  1.25811648
  0.0298285503  1.18760765
  0.031984169  1.1218251
  0.0342955776  1.06031764
  0.0367740355  1.00316238
  0.0394315943  0.94975698
  0.0422811955  0.899861097
  0.045336742  0.853347003
  0.048613105  0.81016326
  0.05212624  0.770027876
  0.0558932498  0.732716382
  0.0599325001  0.698178768
  0.0642636567  0.666313171
  0.0689078197  0.637007535
  0.0738875791  0.610130906
  0.0792272314  0.585467994
  0.0849527866  0.562614024
  0.0910920724  0.541402161
  0.0976750478  0.521711171
  0.104733802  0.503400564
  0.112302601  0.486354768
  0.120418407  0.47056362
  0.129120678  0.455767542
  0.138451919  0.44174844
  0.148457393  0.428545088
  0.159186006  0.416104704
  0.170689911  0.404364854
  0.183025196  0.393268883
  0.196251899  0.382765681


#m=     5
  0.000225642056  14.3316612
  0.000241948641  7.16583061
  0.000259433407  4.77724218
  0.000278182037  3.58292747
  0.000298285566  5.26639938
  0.000319841609  3.85122418
  0.000342955755  3.03551602
  0.000367740315  2.50495434
  0.000394315808  4.00101089
  0.000422812038  4.46454573
  0.000453367393  3.89632773
  0.000486130913  4.55663538
  0.000521262409  4.2656188
  0.000558932428  4.48851681
  0.000599325111  4.00892687
  0.000642636558  3.70361924
  0.000689078297  4.50566673
  0.00073887594  5.533391
  0.000792272273  5.08442545
  0.000849527831  5.42741251
  0.000910920673  5.40263987
  0.000976750627  5.33011627
  0.00104733801  5.26267147
  0.0011230259  5.19023085
  0.00120418426  5.25476599
  0.00129120704  5.01622963
  0.00138451939  4.88023949
  0.0014845737  4.92654514
  0.0015918602  4.91815996
  0.00170689914  4.82990646
  0.00183025165  4.89763021
  0.00196251948  4.84827137
  0.00210434478  4.85070038
  0.00225641951  4.77620125
  0.00241948641  4.77003145
  0.00259433547  4.73612261
  0.00278182048  4.68934155
  0.00298285554  4.67513943
  0.00319841621  4.62760401
  0.00342955766  4.60259247
  0.00367740332  4.54350281
  0.00394315831  4.48910046
  0.00422812067  4.42515993
  0.0045336741  4.36139202
  0.00486130919  4.28933811
  0.00521262409  4.21072435
  0.00558932452  4.1244421
  0.00599324843  4.03500605
  0.00642636558  3.9383769
  0.00689078309  3.83957052
  0.0073887594  3.73437023
  0.00792272296  3.62516403
  0.00849527866  3.51198936
  0.0091092065  3.38998246
  0.00976750627  3.26322031
  0.0104733799  3.13286328
  0.0112302601  2.99831319
  0.012041837  2.85961676
  0.0129120704  2.7199409
  0.0138451876  2.58002687
  0.0148457382  2.44151306
  0.0159186032  2.30619049
  0.0170689914  2.17563272
  0.018302517  2.05042124
  0.0196251906  1.93061388
  0.0210434478  1.81640077
  0.0225642007  1.70785844
  0.024194859  1.60500884
  0.02594335  1.5082314
  0.0278181974  1.41749763
  0.0298285503  1.33277071
  0.031984169  1.25396585
  0.0342955776  1.18045759
  0.0367740355  1.11240625
  0.0394315943  1.04898739
  0.0422811955  0.989902437
  0.045336742  0.934996128
  0.048613105  0.884205222
  0.05212624  0.837164104
  0.0558932498  0.793589592
  0.0599325001  0.753430128
  0.0642636567  0.716559172
  0.0689078197  0.682834566
  0.0738875791  0.652089536
  0.0792272314  0.624044895
  0.0849527866  0.598171115
  0.0910920724  0.574258268
  0.0976750478  0.552157104
  0.104733802  0.53169173
  0.112302601  0.512719691
  0.120418407  0.495236516
  0.129120678  0.478909075
  0.138451919  0.463460237
  0.148457393  0.448949635
  0.159186006  0.435315669
  0.170689911  0.422483504
  0.183025196  0.410385787
  0.196251899  0.398961663


#m=     6
  0.000521262409  14.3316612
  0.000558932428  7.16585493
  0.000599325111  4.77723122
  0.000642636558  3.58292747
  0.000689078297  7.3868618
  0.00073887594  10.5011635
  0.000792272273  7.20874739
  0.000849527831  8.67159176
  0.000910920673  6.79694748
  0.000976750627  6.18521452
  0.00104733801  5.97281361
  0.0011230259  6.2700305
  0.00120418426  6.53918314
  0.00129120704  5.91309834
  0.00138451939  5.63887024
  0.0014845737  5.83701324
  0.0015918602  6.12080383
  0.00170689914  5.86219597
  0.00183025165  5.85955048
  0.00196251948  5.77173853
  0.00210434478  5.78088665
  0.00225641951  5.66151476
  0.00241948641  5.65556479
  0.00259433547  5.59761953
  0.00278182048  5.56139326
  0.00298285554  5.55115557
  0.00319841621  5.47669172
  0.00342955766  5.44405699
  0.00367740332  5.37684059
  0.00394315831  5.29890537
  0.00422812067  5.2084794
  0.0045336741  5.13421106
  0.00486130919  5.03196573
  0.00521262409  4.9269557
  0.00558932452  4.81454086
  0.00599324843  4.69852877
  0.00642636558  4.57680607
  0.00689078309  4.45402813
  0.0073887594  4.32427692
  0.00792272296  4.19097662
  0.00849527866  4.05561304
  0.0091092065  3.90850091
  0.00976750627  3.75452757
  0.0104733799  3.59756923
  0.0112302601  3.43528485
  0.012041837  3.2679472
  0.0129120704  3.09945035
  0.0138451876  2.93092132
  0.0148457382  2.76453614
  0.0159186032  2.60278392
  0.0170689914  2.44780374
  0.018302517  2.29999709
  0.0196251906  2.1592207
  0.0210434478  2.02578115
  0.0225642007  1.89938641
  0.024194859  1.77993536
  0.02594335  1.66777623
  0.0278181974  1.56282496
  0.0298285503  1.46494615
  0.031984169  1.3740381
  0.0342955776  1.28933239
  0.0367740355  1.21110868
  0.0394315943  1.13832545
  0.0422811955  1.07062793
  0.045336742  1.00785577
  0.048613105  0.949942112
  0.05212624  0.896444857
  0.0558932498  0.84702599
  0.0599325001  0.801640272
  0.0642636567  0.760139823
  0.0689078197  0.722355008
  0.0738875791  0.688084245
  0.0792272314  0.656983376
  0.0849527866  0.628394544
  0.0910920724  0.602065682
  0.0976750478  0.577821076
  0.104733802  0.555450559
  0.112302601  0.534785807
  0.120418407  0.515830398
  0.129120678  0.498176515
  0.138451919  0.481487393
  0.148457393  0.465846211
  0.159186006  0.451183885
  0.170689911  0.43741399
  0.183025196  0.424459189
  0.196251899  0.412249804


#m=     7
  0.000792272273  19.868042
  0.000849527831  13.2452869
  0.000910920673  6.88356018
  0.000976750627  6.48459721
  0.00104733801  5.08014154
  0.0011230259  6.32847738
  0.00120418426  7.73153973
  0.00129120704  6.68081665
  0.00138451939  6.13086462
  0.0014845737  6.35672522
  0.0015918602  6.72289085
  0.00170689914  6.53284788
  0.00183025165  6.69201565
  0.00196251948  6.68394613
  0.00210434478  6.73167324
  0.00225641951  6.62541628
  0.00241948641  6.57057524
  0.00259433547  6.50676537
  0.00278182048  6.47697163
  0.00298285554  6.50547743
  0.00319841621  6.37291479
  0.00342955766  6.2831068
  0.00367740332  6.20859957
  0.00394315831  6.1141305
  0.00422812067  5.97685194
  0.0045336741  5.87770796
  0.00486130919  5.73131037
  0.00521262409  5.60619688
  0.00558932452  5.4657445
  0.00599324843  5.32727909
  0.00642636558  5.18265867
  0.00689078309  5.03741026
  0.0073887594  4.88715363
  0.00792272296  4.73255634
  0.00849527866  4.57665491
  0.0091092065  4.4063468
  0.00976750627  4.2262125
  0.0104733799  4.04453611
  0.0112302601  3.85567403
  0.012041837  3.66039586
  0.0129120704  3.46394205
  0.0138451876  3.26751018
  0.0148457382  3.07392645
  0.0159186032  2.88647175
  0.0170689914  2.70778656
  0.018302517  2.53806448
  0.0196251906  2.37707329
  0.0210434478  2.22512865
  0.0225642007  2.08151364
  0.024194859  1.94595587
  0.02594335  1.81882143
  0.0278181974  1.69999039
  0.0298285503  1.58925009
  0.031984169  1.48655176
  0.0342955776  1.39099336
  0.0367740355  1.30297363
  0.0394315943  1.22118866
  0.0422811955  1.14520288
  0.045336742  1.07484233
  0.048613105  1.0100553
  0.05212624  0.950365663
  0.0558932498  0.895376146
  0.0599325001  0.845031857
  0.0642636567  0.799159884
  0.0689078197  0.757563174
  0.0738875791  0.720005631
  0.0792272314  0.686077058
  0.0849527866  0.654986918
  0.0910920724  0.626441896
  0.0976750478  0.600240707
  0.104733802  0.576139867
  0.112302601  0.55394578
  0.120418407  0.533672094
  0.129120678  0.514834762
  0.138451919  0.497037172
  0.148457393  0.480388194
  0.159186006  0.464811862
  0.170689911  0.450211167
  0.183025196  0.436499149
  0.196251899  0.423597783


#m=     8
  0.00129120704  15.9902058
  0.00138451939  10.5532017
  0.0014845737  7.77178049
  0.0015918602  10.155426
  0.00170689914  8.20472527
  0.00183025165  8.31783772
  0.00196251948  8.45011139
  0.00210434478  8.20057964
  0.00225641951  7.91676712
  0.00241948641  7.613204
  0.00259433547  7.32153034
  0.00278182048  7.43365717
  0.00298285554  7.43495989
  0.00319841621  7.22309542
  0.00342955766  7.09210539
  0.00367740332  7.0526166
  0.00394315831  6.96003437
  0.00422812067  6.72975206
  0.0045336741  6.59764862
  0.00486130919  6.40673542
  0.00521262409  6.27559519
  0.00558932452  6.10780001
  0.00599324843  5.94791031
  0.00642636558  5.77588463
  0.00689078309  5.6044383
  0.0073887594  5.43397903
  0.00792272296  5.25986052
  0.00849527866  5.08411598
  0.0091092065  4.89141798
  0.00976750627  4.68573761
  0.0104733799  4.48112011
  0.0112302601  4.26747179
  0.012041837  4.04546022
  0.0129120704  3.82221341
  0.0138451876  3.59881592
  0.0148457382  3.37865162
  0.0159186032  3.16608596
  0.0170689914  2.96410561
  0.018302517  2.77275562
  0.0196251906  2.59170675
  0.0210434478  2.42126346
  0.0225642007  2.26020455
  0.024194859  2.10828447
  0.02594335  1.96596682
  0.0278181974  1.83318937
  0.0298285503  1.70962811
  0.031984169  1.59523273
  0.0342955776  1.4889251
  0.0367740355  1.39121842
  0.0394315943  1.3005203
  0.0422811955  1.21630692
  0.045336742  1.13838661
  0.048613105  1.06672645
  0.05212624  1.00086379
  0.0558932498  0.940380931
  0.0599325001  0.88520056
  0.0642636567  0.835100353
  0.0689078197  0.789841533
  0.0738875791  0.749149263
  0.0792272314  0.712542415
  0.0849527866  0.679092765
  0.0910920724  0.648465693
  0.0976750478  0.620434701
  0.104733802  0.594722748
  0.112302601  0.571111381
  0.120418407  0.549625754
  0.129120678  0.529703915
  0.138451919  0.510888755
  0.148457393  0.493316531
  0.159186006  0.476905316
  0.170689911  0.461547613
  0.183025196  0.447147369
  0.196251899  0.433618665


#m=     9
  0.0015918602  26.4905262
  0.00170689914  10.7830973
  0.00183025165  13.6511402
  0.00196251948  12.2597179
  0.00210434478  10.2687254
  0.00225641951  9.48381138
  0.00241948641  8.19022369
  0.00259433547  7.92837524
  0.00278182048  8.54824734
  0.00298285554  8.6602354
  0.00319841621  8.31629372
  0.00342955766  8.02513313
  0.00367740332  7.91581964
  0.00394315831  7.86622572
  0.00422812067  7.50692129
  0.0045336741  7.34393215
  0.00486130919  7.08543825
  0.00521262409  6.96283054
  0.00558932452  6.75673866
  0.00599324843  6.57903957
  0.00642636558  6.36978769
  0.00689078309  6.16280079
  0.0073887594  5.97059488
  0.00792272296  5.77475929
  0.00849527866  5.57764912
  0.0091092065  5.36148834
  0.00976750627  5.12960386
  0.0104733799  4.90200901
  0.0112302601  4.66299438
  0.012041837  4.41415024
  0.0129120704  4.16410923
  0.0138451876  3.9142282
  0.0148457382  3.6680479
  0.0159186032  3.43116617
  0.0170689914  3.20669293
  0.018302517  2.99451399
  0.0196251906  2.79417419
  0.0210434478  2.60589099
  0.0225642007  2.42798018
  0.024194859  2.26033735
  0.02594335  2.10351944
  0.0278181974  1.95757878
  0.0298285503  1.82196259
  0.031984169  1.69660735
  0.0342955776  1.58021283
  0.0367740355  1.47339547
  0.0394315943  1.37425888
  0.0422811955  1.28221631
  0.045336742  1.1970979
  0.048613105  1.11889899
  0.05212624  1.04717267
  0.0558932498  0.981483579
  0.0599325001  0.921732366
  0.0642636567  0.867649794
  0.0689078197  0.818957031
  0.0738875791  0.775342047
  0.0792272314  0.736253738
  0.0849527866  0.700624526
  0.0910920724  0.668080032
  0.0976750478  0.638370156
  0.104733802  0.611185968
  0.112302601  0.586285055
  0.120418407  0.563705981
  0.129120678  0.542808592
  0.138451919  0.523074865
  0.148457393  0.504670739
  0.159186006  0.487509042
  0.170689911  0.471472323
  0.183025196  0.456456214
  0.196251899  0.442367226


#m=    10
  0.00196251948  28.8323994
  0.00210434478  17.159296
  0.00225641951  12.2667627
  0.00241948641  10.1989384
  0.00259433547  9.24137974
  0.00278182048  10.3447695
  0.00298285554  10.4978514
  0.00319841621  9.95294762
  0.00342955766  9.05015182
  0.00367740332  8.72575378
  0.00394315831  8.72792625
  0.00422812067  8.22529888
  0.0045336741  8.02142525
  0.00486130919  7.73788929
  0.00521262409  7.65389585
  0.00558932452  7.39150143
  0.00599324843  7.200634
  0.00642636558  6.95058155
  0.00689078309  6.70569086
  0.0073887594  6.4887085
  0.00792272296  6.27176094
  0.00849527866  6.0543952
  0.0091092065  5.81480217
  0.00976750627  5.559062
  0.0104733799  5.30948973
  0.0112302601  5.0461731
  0.012041837  4.77144241
  0.0129120704  4.49619102
  0.0138451876  4.22073221
  0.0148457382  3.9490993
  0.0159186032  3.68863344
  0.0170689914  3.44224095
  0.018302517  3.20948887
  0.0196251906  2.99018002
  0.0210434478  2.7843976
  0.0225642007  2.59008837
  0.024194859  2.40722299
  0.02594335  2.23639965
  0.0278181974  2.07776952
  0.0298285503  1.93048096
  0.031984169  1.79444337
  0.0342955776  1.66816974
  0.0367740355  1.55243242
  0.0394315943  1.4450357
  0.0422811955  1.34532082
  0.045336742  1.25314248
  0.048613105  1.16853058
  0.05212624  1.09106088
  0.0558932498  1.02028561
  0.0599325001  0.956083179
  0.0642636567  0.898136377
  0.0689078197  0.84612602
  0.0738875791  0.799702466
  0.0792272314  0.758242667
  0.0849527866  0.720536768
  0.0910920724  0.686170578
  0.0976750478  0.654871404
  0.104733802  0.626298428
  0.112302601  0.600185812
  0.120418407  0.576586604
  0.129120678  0.554781318
  0.138451919  0.534190893
  0.148457393  0.515011847
  0.159186006  0.497152478
  0.170689911  0.480485976
  0.183025196  0.464899689
  0.196251899  0.450293034


