#epsilon= 1.377159e-004  dim= 3
0 -7.647873e+000 9
1 -2.455135e+000 9
2 -2.550855e+000 9
3 -2.554950e+000 9
4 -2.832428e+000 9
5 -2.104744e+000 9
6 -2.637232e+000 9
7 -2.411659e+000 9
8 -2.465787e+000 9
9 -2.260426e+000 9
10 -2.407503e+000 9
11 -2.192233e+000 9
12 -2.389751e+000 9
13 -2.222422e+000 9
14 -2.222248e+000 9
15 -2.101989e+000 9
16 -2.265256e+000 9
17 -2.621311e+000 9
18 -2.136602e+000 9
19 -2.144519e+000 9
20 -2.139429e+000 9
21 -2.409512e+000 9
22 -2.066752e+000 9
23 -2.400948e+000 9
24 -2.084941e+000 9
25 -2.517001e+000 9
26 -2.022529e+000 9
27 -2.430956e+000 9
28 -2.304288e+000 9
29 -2.024395e+000 9
30 -1.879854e+000 9
31 -2.261443e+000 9
32 -2.353295e+000 9
33 -2.194219e+000 9
34 -2.072305e+000 9
35 -2.195713e+000 9
36 -2.143163e+000 9
37 -2.223674e+000 9
38 -2.324005e+000 9
39 -2.248504e+000 9
40 -2.363443e+000 9
41 -2.689823e+000 9
42 -2.600874e+000 9
43 -2.298760e+000 9
44 -2.454531e+000 9
45 -2.432299e+000 9
46 -2.538470e+000 9
47 -2.251079e+000 9
48 -2.527853e+000 9
49 -2.348515e+000 9
50 -2.548737e+000 9
51 -2.134569e+000 9
52 -2.531371e+000 9
53 -1.928411e+000 9
54 -2.083756e+000 9
55 -2.158199e+000 9
56 -2.294130e+000 9
57 -2.270853e+000 9
58 -1.877090e+000 9
59 -2.257281e+000 9
60 -2.304343e+000 9
61 -1.995694e+000 9
62 -1.999363e+000 9
63 -2.252625e+000 9
64 -2.288684e+000 9
65 -2.265357e+000 9
66 -2.263977e+000 9
67 -2.412438e+000 9
68 -2.190022e+000 9
69 -2.118351e+000 9
70 -2.235164e+000 9
71 -2.389903e+000 9
72 -2.173285e+000 9
73 -2.040871e+000 9
74 -2.272162e+000 9
75 -2.162231e+000 9
76 -2.033147e+000 9
77 -2.087387e+000 9
78 -2.076022e+000 9
79 -2.205240e+000 9
80 -2.102316e+000 9
81 -1.951603e+000 9
82 -1.981800e+000 9
83 -2.160135e+000 9
84 -2.025561e+000 9
85 -2.067592e+000 9
86 -1.920247e+000 9
87 -2.296225e+000 9
88 -2.091750e+000 9
89 -1.818769e+000 9
90 -2.069025e+000 9
91 -2.332964e+000 9
92 -1.818730e+000 9
93 -1.951020e+000 9
94 -2.224849e+000 9
95 -2.354749e+000 9
96 -1.899935e+000 9
97 -2.257722e+000 9
98 -2.531968e+000 9
99 -2.340331e+000 9
100 -1.835675e+000 9

#epsilon= 1.377159e-004  dim= 4

#epsilon= 1.377159e-004  dim= 5

#epsilon= 1.377159e-004  dim= 6

#epsilon= 1.377159e-004  dim= 7

#epsilon= 1.377159e-004  dim= 8

#epsilon= 1.377159e-004  dim= 9

#epsilon= 1.377159e-004  dim= 10

#epsilon= 2.448973e-004  dim= 3
0 -6.926700e+000 27
1 -2.407812e+000 27
2 -2.395574e+000 27
3 -2.332090e+000 27
4 -2.840903e+000 27
5 -2.204537e+000 27
6 -2.450499e+000 27
7 -2.174681e+000 27
8 -2.468033e+000 27
9 -2.133965e+000 27
10 -2.329072e+000 27
11 -2.006139e+000 27
12 -2.195665e+000 27
13 -2.144098e+000 27
14 -2.339425e+000 27
15 -2.114488e+000 27
16 -2.268318e+000 27
17 -2.222074e+000 27
18 -2.271333e+000 27
19 -2.282796e+000 27
20 -2.215684e+000 27
21 -2.143076e+000 27
22 -2.240815e+000 27
23 -2.597208e+000 27
24 -2.253541e+000 27
25 -2.250319e+000 27
26 -2.353159e+000 27
27 -2.438371e+000 27
28 -2.218658e+000 27
29 -2.030185e+000 27
30 -2.244744e+000 27
31 -2.317494e+000 27
32 -2.279516e+000 27
33 -2.102739e+000 27
34 -2.384136e+000 27
35 -2.302870e+000 27
36 -2.293967e+000 27
37 -2.195219e+000 27
38 -2.368463e+000 27
39 -2.212356e+000 27
40 -2.229905e+000 27
41 -2.397151e+000 27
42 -2.402905e+000 27
43 -2.213777e+000 27
44 -2.220817e+000 27
45 -2.501139e+000 27
46 -2.403159e+000 27
47 -2.142689e+000 27
48 -2.216660e+000 27
49 -2.318996e+000 27
50 -2.416742e+000 27
51 -2.161783e+000 27
52 -2.231714e+000 27
53 -2.119694e+000 27
54 -2.218079e+000 27
55 -2.081443e+000 27
56 -2.161398e+000 27
57 -2.134576e+000 27
58 -2.219541e+000 27
59 -2.200114e+000 27
60 -2.323733e+000 27
61 -2.016457e+000 27
62 -2.183958e+000 27
63 -2.172801e+000 27
64 -2.286591e+000 27
65 -2.084760e+000 27
66 -2.238973e+000 27
67 -2.280647e+000 27
68 -2.219727e+000 27
69 -2.004179e+000 27
70 -2.105849e+000 27
71 -2.348396e+000 27
72 -2.194470e+000 27
73 -1.954322e+000 27
74 -2.189475e+000 27
75 -2.349473e+000 27
76 -2.220450e+000 27
77 -2.062060e+000 27
78 -2.095693e+000 27
79 -2.410224e+000 27
80 -2.198555e+000 27
81 -2.176600e+000 27
82 -2.130640e+000 27
83 -2.185168e+000 27
84 -2.168925e+000 27
85 -2.373895e+000 27
86 -2.101454e+000 27
87 -2.217664e+000 27
88 -2.189627e+000 27
89 -2.252068e+000 27
90 -2.106788e+000 27
91 -2.226593e+000 27
92 -2.086880e+000 27
93 -2.218181e+000 27
94 -2.172323e+000 27
95 -2.360466e+000 27
96 -2.022270e+000 27
97 -2.344145e+000 27
98 -2.402208e+000 27
99 -2.354813e+000 27
100 -2.089935e+000 27

#epsilon= 2.448973e-004  dim= 4

#epsilon= 2.448973e-004  dim= 5

#epsilon= 2.448973e-004  dim= 6

#epsilon= 2.448973e-004  dim= 7

#epsilon= 2.448973e-004  dim= 8

#epsilon= 2.448973e-004  dim= 9

#epsilon= 2.448973e-004  dim= 10

#epsilon= 4.354958e-004  dim= 3
0 -6.151099e+000 96
1 -2.330160e+000 96
2 -2.281976e+000 96
3 -2.285528e+000 96
4 -3.142929e+000 96
5 -2.304320e+000 96
6 -2.271696e+000 96
7 -2.249260e+000 96
8 -2.615911e+000 96
9 -2.235444e+000 96
10 -2.215631e+000 96
11 -2.225417e+000 96
12 -2.272072e+000 96
13 -2.214744e+000 96
14 -2.211415e+000 96
15 -2.209071e+000 96
16 -2.273868e+000 96
17 -2.136461e+000 96
18 -2.271558e+000 96
19 -2.244930e+000 96
20 -2.205128e+000 96
21 -2.070513e+000 96
22 -2.277017e+000 96
23 -2.305073e+000 96
24 -2.245854e+000 96
25 -2.168680e+000 96
26 -2.279769e+000 96
27 -2.336368e+000 96
28 -2.211896e+000 96
29 -2.114664e+000 96
30 -2.241425e+000 96
31 -2.262977e+000 96
32 -2.229665e+000 96
33 -2.238675e+000 96
34 -2.262726e+000 96
35 -2.234592e+000 96
36 -2.231148e+000 96
37 -2.196707e+000 96
38 -2.271406e+000 96
39 -2.154048e+000 96
40 -2.203268e+000 96
41 -2.249813e+000 96
42 -2.340649e+000 96
43 -2.180073e+000 96
44 -2.256784e+000 96
45 -2.286567e+000 96
46 -2.271248e+000 96
47 -2.133472e+000 96
48 -2.220902e+000 96
49 -2.275846e+000 96
50 -2.261753e+000 96
51 -2.185174e+000 96
52 -2.229140e+000 96
53 -2.267736e+000 96
54 -2.186730e+000 96
55 -2.180122e+000 96
56 -2.221595e+000 96
57 -2.258168e+000 96
58 -2.232031e+000 96
59 -2.234834e+000 96
60 -2.220082e+000 96
61 -2.166411e+000 96
62 -2.230729e+000 96
63 -2.261840e+000 96
64 -2.214187e+000 96
65 -2.226921e+000 96
66 -2.235288e+000 96
67 -2.288756e+000 96
68 -2.204331e+000 96
69 -2.194961e+000 96
70 -2.211590e+000 96
71 -2.288040e+000 96
72 -2.204962e+000 96
73 -2.216939e+000 96
74 -2.214174e+000 96
75 -2.276285e+000 96
76 -2.212177e+000 96
77 -2.177886e+000 96
78 -2.177007e+000 96
79 -2.274343e+000 96
80 -2.176514e+000 96
81 -2.179661e+000 96
82 -2.236019e+000 96
83 -2.164166e+000 96
84 -2.176657e+000 96
85 -2.230037e+000 96
86 -2.217360e+000 96
87 -2.224988e+000 96
88 -2.198338e+000 96
89 -2.242604e+000 96
90 -2.218275e+000 96
91 -2.232703e+000 96
92 -2.189931e+000 96
93 -2.216862e+000 96
94 -2.121820e+000 96
95 -2.266660e+000 96
96 -2.180716e+000 96
97 -2.202905e+000 96
98 -2.198359e+000 96
99 -2.244386e+000 96
100 -2.190261e+000 96

#epsilon= 4.354958e-004  dim= 4
0 -5.909228e+000 3
1 -1.906936e+000 3
2 -1.922745e+000 3
3 -2.337191e+000 3
4 -3.390869e+000 3
5 -2.028534e+000 3
6 -1.704732e+000 3
7 -2.287876e+000 3
8 -2.944094e+000 3
9 -1.887167e+000 3
10 -1.671167e+000 3
11 -2.269623e+000 3
12 -2.401951e+000 3
13 -1.968466e+000 3
14 -1.722250e+000 3
15 -2.136465e+000 3
16 -2.374788e+000 3
17 -2.105780e+000 3
18 -1.862527e+000 3
19 -2.223374e+000 3
20 -2.085729e+000 3
21 -2.141858e+000 3
22 -1.953822e+000 3
23 -2.307355e+000 3
24 -2.331694e+000 3
25 -2.375693e+000 3
26 -2.035354e+000 3
27 -2.290466e+000 3
28 -2.501247e+000 3
29 -2.318526e+000 3
30 -2.169799e+000 3
31 -2.425788e+000 3
32 -2.376590e+000 3
33 -2.248929e+000 3
34 -2.073601e+000 3
35 -2.427455e+000 3
36 -2.405066e+000 3
37 -2.322617e+000 3
38 -2.132873e+000 3
39 -2.217523e+000 3
40 -2.232895e+000 3
41 -2.080094e+000 3
42 -2.008760e+000 3
43 -2.029278e+000 3
44 -2.148265e+000 3
45 -2.045692e+000 3
46 -1.984484e+000 3
47 -1.751194e+000 3
48 -2.179787e+000 3
49 -2.184723e+000 3
50 -1.516871e+000 3
51 -1.751186e+000 3
52 -1.812270e+000 3
53 -2.280624e+000 3
54 -1.459747e+000 3
55 -1.831943e+000 3
56 -1.677034e+000 3
57 -2.495482e+000 3
58 -1.587840e+000 3
59 -1.941277e+000 3
60 -1.876421e+000 3
61 -2.533304e+000 3
62 -1.627328e+000 3
63 -2.044896e+000 3
64 -2.038928e+000 3
65 -2.278023e+000 3
66 -2.032236e+000 3
67 -2.004198e+000 3
68 -2.075259e+000 3
69 -2.188160e+000 3
70 -2.089817e+000 3
71 -2.122441e+000 3
72 -1.857185e+000 3
73 -2.038588e+000 3
74 -1.921826e+000 3
75 -1.977097e+000 3
76 -1.702145e+000 3
77 -1.675079e+000 3
78 -1.931126e+000 3
79 -2.438113e+000 3
80 -1.712185e+000 3
81 -1.134781e+000 3
82 -1.715960e+000 3
83 -2.555850e+000 3
84 -1.694728e+000 3
85 -1.132069e+000 3
86 -1.712117e+000 3
87 -2.285704e+000 3
88 -1.826871e+000 3
89 -1.124061e+000 3
90 -1.845646e+000 3
91 -2.618363e+000 3
92 -2.055720e+000 3
93 -1.314091e+000 3
94 -1.886746e+000 3
95 -2.693192e+000 3
96 -1.995707e+000 3
97 -2.344283e+000 3
98 -1.924057e+000 3
99 -2.412052e+000 3
100 -2.171429e+000 3

#epsilon= 4.354958e-004  dim= 5

#epsilon= 4.354958e-004  dim= 6

#epsilon= 4.354958e-004  dim= 7

#epsilon= 4.354958e-004  dim= 8

#epsilon= 4.354958e-004  dim= 9

#epsilon= 4.354958e-004  dim= 10

#epsilon= 7.744333e-004  dim= 3
0 -5.488219e+000 256
1 -2.250830e+000 256
2 -2.210942e+000 256
3 -2.228737e+000 256
4 -3.023786e+000 256
5 -2.215783e+000 256
6 -2.223236e+000 256
7 -2.220569e+000 256
8 -2.487648e+000 256
9 -2.154744e+000 256
10 -2.187769e+000 256
11 -2.176329e+000 256
12 -2.187101e+000 256
13 -2.117666e+000 256
14 -2.224007e+000 256
15 -2.160806e+000 256
16 -2.181186e+000 256
17 -2.102835e+000 256
18 -2.254294e+000 256
19 -2.138611e+000 256
20 -2.143113e+000 256
21 -2.103457e+000 256
22 -2.263535e+000 256
23 -2.167989e+000 256
24 -2.161692e+000 256
25 -2.111561e+000 256
26 -2.264729e+000 256
27 -2.165292e+000 256
28 -2.156442e+000 256
29 -2.123329e+000 256
30 -2.214682e+000 256
31 -2.171281e+000 256
32 -2.133235e+000 256
33 -2.138166e+000 256
34 -2.193767e+000 256
35 -2.143731e+000 256
36 -2.195266e+000 256
37 -2.145511e+000 256
38 -2.157164e+000 256
39 -2.145632e+000 256
40 -2.196123e+000 256
41 -2.191800e+000 256
42 -2.146818e+000 256
43 -2.181754e+000 256
44 -2.209556e+000 256
45 -2.214138e+000 256
46 -2.151292e+000 256
47 -2.162987e+000 256
48 -2.201501e+000 256
49 -2.168055e+000 256
50 -2.160516e+000 256
51 -2.151776e+000 256
52 -2.180925e+000 256
53 -2.169784e+000 256
54 -2.151036e+000 256
55 -2.149102e+000 256
56 -2.193218e+000 256
57 -2.154268e+000 256
58 -2.180250e+000 256
59 -2.164765e+000 256
60 -2.170929e+000 256
61 -2.164161e+000 256
62 -2.195245e+000 256
63 -2.182118e+000 256
64 -2.136191e+000 256
65 -2.143496e+000 256
66 -2.184432e+000 256
67 -2.200929e+000 256
68 -2.114965e+000 256
69 -2.122303e+000 256
70 -2.188980e+000 256
71 -2.187749e+000 256
72 -2.109276e+000 256
73 -2.103502e+000 256
74 -2.155722e+000 256
75 -2.143336e+000 256
76 -2.105940e+000 256
77 -2.123771e+000 256
78 -2.147800e+000 256
79 -2.136687e+000 256
80 -2.103555e+000 256
81 -2.114363e+000 256
82 -2.166035e+000 256
83 -2.117295e+000 256
84 -2.086342e+000 256
85 -2.118525e+000 256
86 -2.169247e+000 256
87 -2.158358e+000 256
88 -2.139535e+000 256
89 -2.135483e+000 256
90 -2.155173e+000 256
91 -2.128506e+000 256
92 -2.173858e+000 256
93 -2.154029e+000 256
94 -2.153533e+000 256
95 -2.131078e+000 256
96 -2.210427e+000 256
97 -2.193314e+000 256
98 -2.174054e+000 256
99 -2.145338e+000 256
100 -2.187524e+000 256

#epsilon= 7.744333e-004  dim= 4
0 -5.449703e+000 18
1 -2.064022e+000 18
2 -2.267258e+000 18
3 -2.117736e+000 18
4 -3.385715e+000 18
5 -2.056533e+000 18
6 -2.322802e+000 18
7 -2.186829e+000 18
8 -2.739464e+000 18
9 -2.034320e+000 18
10 -2.449427e+000 18
11 -2.141354e+000 18
12 -2.274981e+000 18
13 -2.015877e+000 18
14 -2.384173e+000 18
15 -2.059056e+000 18
16 -2.191305e+000 18
17 -2.086098e+000 18
18 -2.340784e+000 18
19 -2.212040e+000 18
20 -2.166512e+000 18
21 -2.139547e+000 18
22 -2.234616e+000 18
23 -2.222827e+000 18
24 -2.230247e+000 18
25 -2.098794e+000 18
26 -2.049941e+000 18
27 -2.198913e+000 18
28 -2.394760e+000 18
29 -2.158014e+000 18
30 -1.993279e+000 18
31 -2.285510e+000 18
32 -2.372267e+000 18
33 -2.209796e+000 18
34 -1.992695e+000 18
35 -2.175545e+000 18
36 -2.304876e+000 18
37 -2.142064e+000 18
38 -1.953477e+000 18
39 -2.144790e+000 18
40 -2.267064e+000 18
41 -2.152934e+000 18
42 -1.945018e+000 18
43 -2.123425e+000 18
44 -2.248154e+000 18
45 -2.146485e+000 18
46 -2.029099e+000 18
47 -2.080809e+000 18
48 -2.226358e+000 18
49 -2.201789e+000 18
50 -2.058064e+000 18
51 -2.093811e+000 18
52 -2.125798e+000 18
53 -2.149776e+000 18
54 -2.020168e+000 18
55 -2.110913e+000 18
56 -1.962893e+000 18
57 -2.113887e+000 18
58 -1.952148e+000 18
59 -2.100821e+000 18
60 -1.967140e+000 18
61 -2.053742e+000 18
62 -1.965707e+000 18
63 -2.101842e+000 18
64 -1.867287e+000 18
65 -1.939881e+000 18
66 -1.976981e+000 18
67 -2.154671e+000 18
68 -1.857854e+000 18
69 -2.010711e+000 18
70 -2.092722e+000 18
71 -2.080579e+000 18
72 -1.920683e+000 18
73 -2.128501e+000 18
74 -2.081754e+000 18
75 -2.052972e+000 18
76 -1.842693e+000 18
77 -2.119423e+000 18
78 -1.984587e+000 18
79 -2.058875e+000 18
80 -1.937172e+000 18
81 -2.107319e+000 18
82 -1.955735e+000 18
83 -2.013889e+000 18
84 -1.943389e+000 18
85 -1.965055e+000 18
86 -1.932775e+000 18
87 -2.136917e+000 18
88 -1.944642e+000 18
89 -1.883928e+000 18
90 -1.990226e+000 18
91 -2.145092e+000 18
92 -2.086581e+000 18
93 -1.902270e+000 18
94 -2.037834e+000 18
95 -2.139523e+000 18
96 -2.095916e+000 18
97 -2.149223e+000 18
98 -2.005073e+000 18
99 -1.956143e+000 18
100 -2.041522e+000 18

#epsilon= 7.744333e-004  dim= 5

#epsilon= 7.744333e-004  dim= 6

#epsilon= 7.744333e-004  dim= 7

#epsilon= 7.744333e-004  dim= 8

#epsilon= 7.744333e-004  dim= 9

#epsilon= 7.744333e-004  dim= 10

#epsilon= 1.377159e-003  dim= 3
0 -4.876257e+000 409
1 -2.132133e+000 409
2 -2.123018e+000 409
3 -2.122220e+000 409
4 -2.777128e+000 409
5 -2.109448e+000 409
6 -2.105212e+000 409
7 -2.094472e+000 409
8 -2.359541e+000 409
9 -2.092433e+000 409
10 -2.088208e+000 409
11 -2.093132e+000 409
12 -2.115548e+000 409
13 -2.089714e+000 409
14 -2.093995e+000 409
15 -2.086325e+000 409
16 -2.109827e+000 409
17 -2.065980e+000 409
18 -2.095501e+000 409
19 -2.072980e+000 409
20 -2.093356e+000 409
21 -2.055176e+000 409
22 -2.090368e+000 409
23 -2.081737e+000 409
24 -2.086779e+000 409
25 -2.053876e+000 409
26 -2.074565e+000 409
27 -2.081783e+000 409
28 -2.069582e+000 409
29 -2.052966e+000 409
30 -2.062942e+000 409
31 -2.067149e+000 409
32 -2.067932e+000 409
33 -2.052786e+000 409
34 -2.067540e+000 409
35 -2.064250e+000 409
36 -2.066668e+000 409
37 -2.061176e+000 409
38 -2.095932e+000 409
39 -2.054261e+000 409
40 -2.064885e+000 409
41 -2.073840e+000 409
42 -2.100186e+000 409
43 -2.063583e+000 409
44 -2.090013e+000 409
45 -2.073178e+000 409
46 -2.093634e+000 409
47 -2.077927e+000 409
48 -2.093276e+000 409
49 -2.073202e+000 409
50 -2.075183e+000 409
51 -2.066319e+000 409
52 -2.097177e+000 409
53 -2.064675e+000 409
54 -2.066470e+000 409
55 -2.059598e+000 409
56 -2.076963e+000 409
57 -2.064046e+000 409
58 -2.065399e+000 409
59 -2.057317e+000 409
60 -2.076776e+000 409
61 -2.069341e+000 409
62 -2.087473e+000 409
63 -2.080429e+000 409
64 -2.068868e+000 409
65 -2.065678e+000 409
66 -2.089896e+000 409
67 -2.076878e+000 409
68 -2.049072e+000 409
69 -2.036836e+000 409
70 -2.097578e+000 409
71 -2.081772e+000 409
72 -2.058256e+000 409
73 -2.033637e+000 409
74 -2.097001e+000 409
75 -2.063771e+000 409
76 -2.071986e+000 409
77 -2.042932e+000 409
78 -2.081775e+000 409
79 -2.058476e+000 409
80 -2.069583e+000 409
81 -2.070720e+000 409
82 -2.084667e+000 409
83 -2.068437e+000 409
84 -2.074159e+000 409
85 -2.099106e+000 409
86 -2.071334e+000 409
87 -2.070691e+000 409
88 -2.069953e+000 409
89 -2.089248e+000 409
90 -2.051096e+000 409
91 -2.080818e+000 409
92 -2.085844e+000 409
93 -2.092989e+000 409
94 -2.078001e+000 409
95 -2.074548e+000 409
96 -2.083860e+000 409
97 -2.087846e+000 409
98 -2.073022e+000 409
99 -2.086422e+000 409
100 -2.082867e+000 409

#epsilon= 1.377159e-003  dim= 4
0 -4.805442e+000 137
1 -2.070457e+000 137
2 -2.097542e+000 137
3 -2.111554e+000 137
4 -3.189150e+000 137
5 -2.048809e+000 137
6 -2.088021e+000 137
7 -2.113886e+000 137
8 -2.652903e+000 137
9 -2.030948e+000 137
10 -2.065287e+000 137
11 -2.070131e+000 137
12 -2.322889e+000 137
13 -2.059167e+000 137
14 -2.035857e+000 137
15 -2.031669e+000 137
16 -2.109066e+000 137
17 -2.040911e+000 137
18 -2.031672e+000 137
19 -2.054164e+000 137
20 -2.048880e+000 137
21 -2.013366e+000 137
22 -2.054542e+000 137
23 -2.070353e+000 137
24 -1.995447e+000 137
25 -2.008716e+000 137
26 -2.008301e+000 137
27 -2.046532e+000 137
28 -2.027666e+000 137
29 -1.975523e+000 137
30 -1.986215e+000 137
31 -2.046095e+000 137
32 -2.038193e+000 137
33 -1.974335e+000 137
34 -2.009434e+000 137
35 -2.051315e+000 137
36 -2.095989e+000 137
37 -2.022691e+000 137
38 -2.030328e+000 137
39 -2.047513e+000 137
40 -2.095764e+000 137
41 -2.033949e+000 137
42 -2.020060e+000 137
43 -2.063125e+000 137
44 -2.075209e+000 137
45 -2.022251e+000 137
46 -2.048477e+000 137
47 -2.062963e+000 137
48 -2.052170e+000 137
49 -2.004477e+000 137
50 -2.062791e+000 137
51 -2.057428e+000 137
52 -2.030049e+000 137
53 -1.996304e+000 137
54 -2.038230e+000 137
55 -2.081825e+000 137
56 -2.045398e+000 137
57 -2.000437e+000 137
58 -2.034143e+000 137
59 -2.065986e+000 137
60 -2.075328e+000 137
61 -1.983768e+000 137
62 -2.024162e+000 137
63 -2.042528e+000 137
64 -2.027369e+000 137
65 -1.988539e+000 137
66 -2.019808e+000 137
67 -2.060153e+000 137
68 -2.008544e+000 137
69 -1.972737e+000 137
70 -2.012963e+000 137
71 -2.050016e+000 137
72 -2.012343e+000 137
73 -1.957358e+000 137
74 -2.020234e+000 137
75 -2.063380e+000 137
76 -2.047896e+000 137
77 -1.935448e+000 137
78 -1.997983e+000 137
79 -2.030816e+000 137
80 -2.071410e+000 137
81 -1.936138e+000 137
82 -1.943903e+000 137
83 -2.037148e+000 137
84 -2.037065e+000 137
85 -1.936074e+000 137
86 -1.996253e+000 137
87 -2.000777e+000 137
88 -1.958282e+000 137
89 -1.916496e+000 137
90 -2.005074e+000 137
91 -1.993165e+000 137
92 -1.953994e+000 137
93 -1.950868e+000 137
94 -2.037299e+000 137
95 -1.965903e+000 137
96 -1.946937e+000 137
97 -1.960126e+000 137
98 -2.015027e+000 137
99 -1.918481e+000 137
100 -1.962011e+000 137

#epsilon= 1.377159e-003  dim= 5
0 -4.738007e+000 14
1 -1.901334e+000 14
2 -2.079733e+000 14
3 -1.899971e+000 14
4 -3.209538e+000 14
5 -1.879136e+000 14
6 -2.050473e+000 14
7 -1.961161e+000 14
8 -2.661096e+000 14
9 -1.773933e+000 14
10 -1.963687e+000 14
11 -1.965919e+000 14
12 -2.418945e+000 14
13 -1.846899e+000 14
14 -1.865498e+000 14
15 -2.032436e+000 14
16 -2.136400e+000 14
17 -1.883426e+000 14
18 -1.824570e+000 14
19 -2.062027e+000 14
20 -1.805482e+000 14
21 -1.762678e+000 14
22 -1.775481e+000 14
23 -2.164091e+000 14
24 -1.844660e+000 14
25 -1.909230e+000 14
26 -1.744064e+000 14
27 -2.203408e+000 14
28 -1.920724e+000 14
29 -2.023266e+000 14
30 -1.841079e+000 14
31 -2.178840e+000 14
32 -1.928961e+000 14
33 -2.055599e+000 14
34 -1.984626e+000 14
35 -2.223654e+000 14
36 -1.998588e+000 14
37 -1.994318e+000 14
38 -2.113551e+000 14
39 -2.059933e+000 14
40 -2.098670e+000 14
41 -2.047490e+000 14
42 -2.136085e+000 14
43 -2.145066e+000 14
44 -2.016049e+000 14
45 -2.034952e+000 14
46 -2.114415e+000 14
47 -2.154952e+000 14
48 -1.985798e+000 14
49 -2.032802e+000 14
50 -2.138688e+000 14
51 -2.118572e+000 14
52 -2.029359e+000 14
53 -1.977988e+000 14
54 -2.084135e+000 14
55 -2.043560e+000 14
56 -2.014144e+000 14
57 -2.146220e+000 14
58 -1.991349e+000 14
59 -2.025209e+000 14
60 -1.951974e+000 14
61 -2.000011e+000 14
62 -2.063229e+000 14
63 -2.001491e+000 14
64 -1.976381e+000 14
65 -1.902762e+000 14
66 -2.113255e+000 14
67 -1.952268e+000 14
68 -1.937560e+000 14
69 -1.792952e+000 14
70 -2.011356e+000 14
71 -1.958702e+000 14
72 -2.025303e+000 14
73 -1.788346e+000 14
74 -1.978884e+000 14
75 -1.871254e+000 14
76 -1.909266e+000 14
77 -1.696273e+000 14
78 -2.078694e+000 14
79 -1.810279e+000 14
80 -1.998130e+000 14
81 -1.792490e+000 14
82 -1.860182e+000 14
83 -1.765799e+000 14
84 -1.957822e+000 14
85 -1.891001e+000 14
86 -1.850756e+000 14
87 -1.758797e+000 14
88 -1.962922e+000 14
89 -1.929529e+000 14
90 -1.928923e+000 14
91 -1.700175e+000 14
92 -1.885436e+000 14
93 -1.872758e+000 14
94 -1.954531e+000 14
95 -1.683527e+000 14
96 -1.966503e+000 14
97 -1.845108e+000 14
98 -1.879260e+000 14
99 -1.589514e+000 14
100 -2.021942e+000 14

#epsilon= 1.377159e-003  dim= 6
0 -4.803396e+000 1
1 -1.452416e+000 1
2 -1.851350e+000 1
3 -1.158020e+000 1
4 -3.131115e+000 1
5 -1.258117e+000 1
6 -1.872340e+000 1
7 -1.317174e+000 1
8 -2.932887e+000 1
9 -1.283566e+000 1
10 -1.793824e+000 1
11 -1.442252e+000 1
12 -1.770384e+000 1
13 -1.339160e+000 1
14 -1.449739e+000 1
15 -1.402704e+000 1
16 -1.674991e+000 1
17 -1.322874e+000 1
18 -1.568482e+000 1
19 -1.813553e+000 1
20 -1.669740e+000 1
21 -1.710094e+000 1
22 -1.574985e+000 1
23 -1.677217e+000 1
24 -1.666664e+000 1
25 -1.715053e+000 1
26 -1.571373e+000 1
27 -1.846746e+000 1
28 -1.672253e+000 1
29 -2.591909e+000 1
30 -1.551176e+000 1
31 -1.966518e+000 1
32 -1.667285e+000 1
33 -2.585372e+000 1
34 -1.599724e+000 1
35 -1.965021e+000 1
36 -2.279831e+000 1
37 -2.643882e+000 1
38 -2.043844e+000 1
39 -2.100651e+000 1
40 -2.228788e+000 1
41 -2.917736e+000 1
42 -2.050922e+000 1
43 -2.100520e+000 1
44 -2.111736e+000 1
45 -2.880293e+000 1
46 -2.040046e+000 1
47 -2.849968e+000 1
48 -1.909418e+000 1
49 -2.917120e+000 1
50 -2.028349e+000 1
51 -2.943815e+000 1
52 -1.909843e+000 1
53 -2.664098e+000 1
54 -2.222124e+000 1
55 -2.338648e+000 1
56 -1.932810e+000 1
57 -2.689886e+000 1
58 -2.140449e+000 1
59 -2.334439e+000 1
60 -1.680055e+000 1
61 -1.340582e+000 1
62 -2.512441e+000 1
63 -2.223532e+000 1
64 -1.745023e+000 1
65 -1.274264e+000 1
66 -2.496726e+000 1
67 -2.046041e+000 1
68 -1.790681e+000 1
69 -1.257250e+000 1
70 -1.770892e+000 1
71 -1.275516e+000 1
72 -1.946753e+000 1
73 -1.188783e+000 1
74 -1.742692e+000 1
75 -1.268427e+000 1
76 -1.908494e+000 1
77 -1.188417e+000 1
78 -1.749753e+000 1
79 -1.270641e+000 1
80 -1.909633e+000 1
81 -1.185623e+000 1
82 -1.722639e+000 1
83 -1.270748e+000 1
84 -2.288730e+000 1
85 -1.783647e+000 1
86 -1.701673e+000 1
87 -1.279873e+000 1
88 -2.444560e+000 1
89 -1.998366e+000 1
90 -1.668378e+000 1
91 -1.313134e+000 1
92 -1.980667e+000 1
93 -1.409415e+000 1
94 -2.173130e+000 1
95 -9.464473e-001 1
96 -1.937116e+000 1
97 -1.371280e+000 1
98 -2.279201e+000 1
99 -9.437179e-001 1
100 -1.818535e+000 1

#epsilon= 1.377159e-003  dim= 7

#epsilon= 1.377159e-003  dim= 8

#epsilon= 1.377159e-003  dim= 9

#epsilon= 1.377159e-003  dim= 10

