#epsilon= 1.962519e-004  dim= 3
0 -7.271166e+000 13
1 -2.816128e+000 13
2 -2.943780e+000 13
3 -2.479016e+000 13
4 -2.691558e+000 13
5 -2.858088e+000 13
6 -3.771605e+000 13
7 -2.875300e+000 13
8 -2.789714e+000 13
9 -2.475350e+000 13
10 -2.790558e+000 13
11 -2.748767e+000 13
12 -3.173817e+000 13
13 -2.858366e+000 13
14 -2.892877e+000 13
15 -2.653610e+000 13
16 -2.774821e+000 13
17 -2.782917e+000 13
18 -2.952099e+000 13
19 -2.910511e+000 13
20 -2.786937e+000 13
21 -2.891016e+000 13
22 -2.716821e+000 13
23 -2.825977e+000 13
24 -2.954962e+000 13
25 -2.869574e+000 13
26 -2.513634e+000 13
27 -2.979610e+000 13
28 -2.776993e+000 13
29 -2.826807e+000 13
30 -2.779269e+000 13
31 -2.799521e+000 13
32 -2.512914e+000 13
33 -3.053310e+000 13
34 -2.790203e+000 13
35 -2.537303e+000 13
36 -2.537508e+000 13
37 -2.827695e+000 13
38 -2.537981e+000 13
39 -3.013787e+000 13
40 -2.574816e+000 13
41 -2.392446e+000 13
42 -2.468542e+000 13
43 -2.669299e+000 13
44 -2.453218e+000 13
45 -2.667161e+000 13
46 -2.617496e+000 13
47 -2.739339e+000 13
48 -2.353585e+000 13
49 -2.751797e+000 13
50 -2.413325e+000 13
51 -2.515770e+000 13
52 -2.409909e+000 13
53 -2.811880e+000 13
54 -2.326256e+000 13
55 -2.644147e+000 13
56 -2.434661e+000 13
57 -2.642194e+000 13
58 -2.778275e+000 13
59 -2.838566e+000 13
60 -2.398308e+000 13
61 -2.653938e+000 13
62 -2.530331e+000 13
63 -2.707445e+000 13
64 -2.631457e+000 13
65 -2.592439e+000 13
66 -2.387224e+000 13
67 -2.754871e+000 13
68 -2.377150e+000 13
69 -2.818568e+000 13
70 -2.569684e+000 13
71 -2.438867e+000 13
72 -2.495707e+000 13
73 -2.683061e+000 13
74 -2.341688e+000 13
75 -2.663285e+000 13
76 -2.500119e+000 13
77 -2.281868e+000 13
78 -2.480926e+000 13
79 -2.848459e+000 13
80 -2.239748e+000 13
81 -2.714875e+000 13
82 -2.576870e+000 13
83 -2.444851e+000 13
84 -2.524095e+000 13
85 -2.869990e+000 13
86 -2.339482e+000 13
87 -2.434623e+000 13
88 -2.513828e+000 13
89 -2.588120e+000 13
90 -2.469347e+000 13
91 -2.683584e+000 13
92 -2.370484e+000 13
93 -2.411393e+000 13
94 -2.523384e+000 13
95 -2.539890e+000 13
96 -2.450811e+000 13
97 -2.619033e+000 13
98 -2.417716e+000 13
99 -2.271753e+000 13
100 -2.468274e+000 13

#epsilon= 3.489908e-004  dim= 3
0 -6.652930e+000 68
1 -2.696068e+000 68
2 -2.767050e+000 68
3 -2.593246e+000 68
4 -2.643713e+000 68
5 -2.769918e+000 68
6 -3.566214e+000 68
7 -2.729447e+000 68
8 -2.742128e+000 68
9 -2.485594e+000 68
10 -2.658217e+000 68
11 -2.675234e+000 68
12 -2.984864e+000 68
13 -2.690421e+000 68
14 -2.747577e+000 68
15 -2.516458e+000 68
16 -2.631328e+000 68
17 -2.685949e+000 68
18 -2.669902e+000 68
19 -2.665765e+000 68
20 -2.692157e+000 68
21 -2.632819e+000 68
22 -2.557209e+000 68
23 -2.601652e+000 68
24 -2.644270e+000 68
25 -2.631238e+000 68
26 -2.573779e+000 68
27 -2.682816e+000 68
28 -2.590864e+000 68
29 -2.586555e+000 68
30 -2.536456e+000 68
31 -2.525985e+000 68
32 -2.558164e+000 68
33 -2.668642e+000 68
34 -2.623938e+000 68
35 -2.563047e+000 68
36 -2.531706e+000 68
37 -2.589071e+000 68
38 -2.543213e+000 68
39 -2.653485e+000 68
40 -2.613921e+000 68
41 -2.518907e+000 68
42 -2.523557e+000 68
43 -2.601438e+000 68
44 -2.533069e+000 68
45 -2.579563e+000 68
46 -2.655475e+000 68
47 -2.541257e+000 68
48 -2.530678e+000 68
49 -2.643076e+000 68
50 -2.461645e+000 68
51 -2.563217e+000 68
52 -2.521695e+000 68
53 -2.588435e+000 68
54 -2.486090e+000 68
55 -2.527239e+000 68
56 -2.504538e+000 68
57 -2.555506e+000 68
58 -2.565790e+000 68
59 -2.635177e+000 68
60 -2.532910e+000 68
61 -2.566164e+000 68
62 -2.494213e+000 68
63 -2.596342e+000 68
64 -2.505950e+000 68
65 -2.581002e+000 68
66 -2.469491e+000 68
67 -2.504749e+000 68
68 -2.453068e+000 68
69 -2.599252e+000 68
70 -2.477526e+000 68
71 -2.444858e+000 68
72 -2.482863e+000 68
73 -2.510599e+000 68
74 -2.378770e+000 68
75 -2.538343e+000 68
76 -2.421216e+000 68
77 -2.362340e+000 68
78 -2.438963e+000 68
79 -2.457671e+000 68
80 -2.417438e+000 68
81 -2.557945e+000 68
82 -2.469859e+000 68
83 -2.393311e+000 68
84 -2.500230e+000 68
85 -2.507481e+000 68
86 -2.446287e+000 68
87 -2.485903e+000 68
88 -2.582977e+000 68
89 -2.543046e+000 68
90 -2.489147e+000 68
91 -2.591064e+000 68
92 -2.521118e+000 68
93 -2.521295e+000 68
94 -2.618295e+000 68
95 -2.590001e+000 68
96 -2.433854e+000 68
97 -2.630277e+000 68
98 -2.508143e+000 68
99 -2.475772e+000 68
100 -2.561442e+000 68

#epsilon= 6.206031e-004  dim= 3
0 -6.071456e+000 192
1 -2.593639e+000 192
2 -2.616222e+000 192
3 -2.553096e+000 192
4 -2.526197e+000 192
5 -2.610746e+000 192
6 -3.477291e+000 192
7 -2.602354e+000 192
8 -2.649428e+000 192
9 -2.551927e+000 192
10 -2.543565e+000 192
11 -2.599579e+000 192
12 -2.893830e+000 192
13 -2.540288e+000 192
14 -2.607242e+000 192
15 -2.584400e+000 192
16 -2.545590e+000 192
17 -2.624924e+000 192
18 -2.589203e+000 192
19 -2.516189e+000 192
20 -2.560546e+000 192
21 -2.600638e+000 192
22 -2.527105e+000 192
23 -2.583869e+000 192
24 -2.552973e+000 192
25 -2.512510e+000 192
26 -2.504803e+000 192
27 -2.593911e+000 192
28 -2.524344e+000 192
29 -2.507319e+000 192
30 -2.507467e+000 192
31 -2.509238e+000 192
32 -2.528497e+000 192
33 -2.559316e+000 192
34 -2.513436e+000 192
35 -2.481126e+000 192
36 -2.499917e+000 192
37 -2.532902e+000 192
38 -2.533942e+000 192
39 -2.519886e+000 192
40 -2.541999e+000 192
41 -2.480464e+000 192
42 -2.518191e+000 192
43 -2.532302e+000 192
44 -2.561313e+000 192
45 -2.490636e+000 192
46 -2.589243e+000 192
47 -2.546156e+000 192
48 -2.512094e+000 192
49 -2.618219e+000 192
50 -2.515651e+000 192
51 -2.476997e+000 192
52 -2.527747e+000 192
53 -2.543171e+000 192
54 -2.471397e+000 192
55 -2.565490e+000 192
56 -2.545791e+000 192
57 -2.507254e+000 192
58 -2.541030e+000 192
59 -2.593437e+000 192
60 -2.480795e+000 192
61 -2.549401e+000 192
62 -2.550725e+000 192
63 -2.547208e+000 192
64 -2.520149e+000 192
65 -2.570422e+000 192
66 -2.465035e+000 192
67 -2.539962e+000 192
68 -2.547891e+000 192
69 -2.573209e+000 192
70 -2.510232e+000 192
71 -2.544966e+000 192
72 -2.495841e+000 192
73 -2.478548e+000 192
74 -2.546398e+000 192
75 -2.523997e+000 192
76 -2.458599e+000 192
77 -2.493781e+000 192
78 -2.494664e+000 192
79 -2.441813e+000 192
80 -2.546924e+000 192
81 -2.538088e+000 192
82 -2.471543e+000 192
83 -2.482737e+000 192
84 -2.504898e+000 192
85 -2.430994e+000 192
86 -2.542791e+000 192
87 -2.533069e+000 192
88 -2.482470e+000 192
89 -2.500674e+000 192
90 -2.499724e+000 192
91 -2.439580e+000 192
92 -2.543426e+000 192
93 -2.575572e+000 192
94 -2.510022e+000 192
95 -2.477522e+000 192
96 -2.498520e+000 192
97 -2.503523e+000 192
98 -2.530802e+000 192
99 -2.539351e+000 192
100 -2.524796e+000 192

#epsilon= 1.103606e-003  dim= 3
0 -5.472309e+000 341
1 -2.531837e+000 341
2 -2.512825e+000 341
3 -2.509564e+000 341
4 -2.472517e+000 341
5 -2.505174e+000 341
6 -3.263485e+000 341
7 -2.494025e+000 341
8 -2.506436e+000 341
9 -2.483318e+000 341
10 -2.454538e+000 341
11 -2.511931e+000 341
12 -2.743130e+000 341
13 -2.468437e+000 341
14 -2.490851e+000 341
15 -2.462915e+000 341
16 -2.435124e+000 341
17 -2.503754e+000 341
18 -2.475736e+000 341
19 -2.428684e+000 341
20 -2.464289e+000 341
21 -2.449042e+000 341
22 -2.443486e+000 341
23 -2.471494e+000 341
24 -2.476901e+000 341
25 -2.411605e+000 341
26 -2.435046e+000 341
27 -2.453958e+000 341
28 -2.407521e+000 341
29 -2.439061e+000 341
30 -2.489459e+000 341
31 -2.418256e+000 341
32 -2.447946e+000 341
33 -2.440888e+000 341
34 -2.417904e+000 341
35 -2.425864e+000 341
36 -2.477822e+000 341
37 -2.427121e+000 341
38 -2.450502e+000 341
39 -2.436259e+000 341
40 -2.429740e+000 341
41 -2.430143e+000 341
42 -2.471713e+000 341
43 -2.437861e+000 341
44 -2.472718e+000 341
45 -2.463441e+000 341
46 -2.470359e+000 341
47 -2.448459e+000 341
48 -2.463976e+000 341
49 -2.446290e+000 341
50 -2.485286e+000 341
51 -2.471087e+000 341
52 -2.453615e+000 341
53 -2.456996e+000 341
54 -2.417299e+000 341
55 -2.467072e+000 341
56 -2.481047e+000 341
57 -2.471997e+000 341
58 -2.438822e+000 341
59 -2.448531e+000 341
60 -2.432046e+000 341
61 -2.468805e+000 341
62 -2.466282e+000 341
63 -2.453638e+000 341
64 -2.416337e+000 341
65 -2.452623e+000 341
66 -2.426709e+000 341
67 -2.485076e+000 341
68 -2.479235e+000 341
69 -2.455213e+000 341
70 -2.420315e+000 341
71 -2.447653e+000 341
72 -2.455572e+000 341
73 -2.459493e+000 341
74 -2.457591e+000 341
75 -2.434349e+000 341
76 -2.431585e+000 341
77 -2.416041e+000 341
78 -2.447271e+000 341
79 -2.452384e+000 341
80 -2.450204e+000 341
81 -2.428860e+000 341
82 -2.449422e+000 341
83 -2.413847e+000 341
84 -2.435698e+000 341
85 -2.445348e+000 341
86 -2.447286e+000 341
87 -2.430361e+000 341
88 -2.453159e+000 341
89 -2.436375e+000 341
90 -2.438507e+000 341
91 -2.446238e+000 341
92 -2.470661e+000 341
93 -2.444960e+000 341
94 -2.458147e+000 341
95 -2.449961e+000 341
96 -2.413075e+000 341
97 -2.459152e+000 341
98 -2.485200e+000 341
99 -2.456272e+000 341
100 -2.417819e+000 341

#epsilon= 1.962519e-003  dim= 3
0 -4.868404e+000 444
1 -2.443092e+000 444
2 -2.442630e+000 444
3 -2.406894e+000 444
4 -2.405399e+000 444
5 -2.417057e+000 444
6 -3.080848e+000 444
7 -2.426168e+000 444
8 -2.430314e+000 444
9 -2.383588e+000 444
10 -2.395999e+000 444
11 -2.412624e+000 444
12 -2.656337e+000 444
13 -2.393013e+000 444
14 -2.407684e+000 444
15 -2.376343e+000 444
16 -2.386193e+000 444
17 -2.411256e+000 444
18 -2.412605e+000 444
19 -2.370910e+000 444
20 -2.398020e+000 444
21 -2.368358e+000 444
22 -2.391467e+000 444
23 -2.409247e+000 444
24 -2.401381e+000 444
25 -2.368718e+000 444
26 -2.376195e+000 444
27 -2.373652e+000 444
28 -2.394510e+000 444
29 -2.409700e+000 444
30 -2.407730e+000 444
31 -2.383750e+000 444
32 -2.388371e+000 444
33 -2.381188e+000 444
34 -2.402215e+000 444
35 -2.407256e+000 444
36 -2.401784e+000 444
37 -2.402605e+000 444
38 -2.397009e+000 444
39 -2.392363e+000 444
40 -2.406872e+000 444
41 -2.398531e+000 444
42 -2.415486e+000 444
43 -2.402408e+000 444
44 -2.414283e+000 444
45 -2.396497e+000 444
46 -2.401133e+000 444
47 -2.392286e+000 444
48 -2.388542e+000 444
49 -2.406250e+000 444
50 -2.418236e+000 444
51 -2.400962e+000 444
52 -2.395681e+000 444
53 -2.399891e+000 444
54 -2.379329e+000 444
55 -2.403911e+000 444
56 -2.402641e+000 444
57 -2.399656e+000 444
58 -2.395059e+000 444
59 -2.405884e+000 444
60 -2.372137e+000 444
61 -2.399301e+000 444
62 -2.394543e+000 444
63 -2.398600e+000 444
64 -2.389017e+000 444
65 -2.411963e+000 444
66 -2.379233e+000 444
67 -2.398877e+000 444
68 -2.372969e+000 444
69 -2.382778e+000 444
70 -2.391649e+000 444
71 -2.405224e+000 444
72 -2.402689e+000 444
73 -2.390089e+000 444
74 -2.380068e+000 444
75 -2.368788e+000 444
76 -2.383060e+000 444
77 -2.397559e+000 444
78 -2.398367e+000 444
79 -2.388943e+000 444
80 -2.383541e+000 444
81 -2.356114e+000 444
82 -2.388860e+000 444
83 -2.390389e+000 444
84 -2.387189e+000 444
85 -2.390704e+000 444
86 -2.394029e+000 444
87 -2.365696e+000 444
88 -2.374870e+000 444
89 -2.382282e+000 444
90 -2.379777e+000 444
91 -2.390338e+000 444
92 -2.380832e+000 444
93 -2.365313e+000 444
94 -2.363283e+000 444
95 -2.384289e+000 444
96 -2.377714e+000 444
97 -2.396764e+000 444
98 -2.382983e+000 444
99 -2.380675e+000 444
100 -2.353674e+000 444

