#epsilon= 1.377159e-004  dim= 3
0 -7.647873e+000 9
1 -2.455135e+000 9
2 -2.550855e+000 9
3 -2.554950e+000 9
4 -2.832428e+000 9
5 -2.104744e+000 9
6 -2.637232e+000 9
7 -2.411659e+000 9
8 -2.465787e+000 9
9 -2.260426e+000 9
10 -2.407503e+000 9
11 -2.192233e+000 9
12 -2.389751e+000 9
13 -2.222422e+000 9
14 -2.222248e+000 9
15 -2.101989e+000 9
16 -2.265256e+000 9
17 -2.621311e+000 9
18 -2.136602e+000 9
19 -2.144519e+000 9
20 -2.139429e+000 9
21 -2.409512e+000 9
22 -2.066752e+000 9
23 -2.400948e+000 9
24 -2.084941e+000 9
25 -2.517001e+000 9
26 -2.022529e+000 9
27 -2.430956e+000 9
28 -2.304288e+000 9
29 -2.024395e+000 9
30 -1.879854e+000 9
31 -2.261443e+000 9
32 -2.353295e+000 9
33 -2.194219e+000 9
34 -2.072305e+000 9
35 -2.195713e+000 9
36 -2.143163e+000 9
37 -2.223674e+000 9
38 -2.324005e+000 9
39 -2.248504e+000 9
40 -2.363443e+000 9
41 -2.689823e+000 9
42 -2.600874e+000 9
43 -2.298760e+000 9
44 -2.454531e+000 9
45 -2.432299e+000 9
46 -2.538470e+000 9
47 -2.251079e+000 9
48 -2.527853e+000 9
49 -2.348515e+000 9
50 -2.548737e+000 9
51 -2.134569e+000 9
52 -2.531371e+000 9
53 -1.928411e+000 9
54 -2.083756e+000 9
55 -2.158199e+000 9
56 -2.294130e+000 9
57 -2.270853e+000 9
58 -1.877090e+000 9
59 -2.257281e+000 9
60 -2.304343e+000 9
61 -1.995694e+000 9
62 -1.999363e+000 9
63 -2.252625e+000 9
64 -2.288684e+000 9
65 -2.265357e+000 9
66 -2.263977e+000 9
67 -2.412438e+000 9
68 -2.190022e+000 9
69 -2.118351e+000 9
70 -2.235164e+000 9
71 -2.389903e+000 9
72 -2.173285e+000 9
73 -2.040871e+000 9
74 -2.272162e+000 9
75 -2.162231e+000 9
76 -2.033147e+000 9
77 -2.087387e+000 9
78 -2.076022e+000 9
79 -2.205240e+000 9
80 -2.102316e+000 9
81 -1.951603e+000 9
82 -1.981800e+000 9
83 -2.160135e+000 9
84 -2.025561e+000 9
85 -2.067592e+000 9
86 -1.920247e+000 9
87 -2.296225e+000 9
88 -2.091750e+000 9
89 -1.818769e+000 9
90 -2.069025e+000 9
91 -2.332964e+000 9
92 -1.818730e+000 9
93 -1.951020e+000 9
94 -2.224849e+000 9
95 -2.354749e+000 9
96 -1.899935e+000 9
97 -2.257722e+000 9
98 -2.531968e+000 9
99 -2.340331e+000 9
100 -1.835675e+000 9

#epsilon= 2.448973e-004  dim= 3
0 -6.926700e+000 27
1 -2.407812e+000 27
2 -2.395574e+000 27
3 -2.332090e+000 27
4 -2.840903e+000 27
5 -2.204537e+000 27
6 -2.450499e+000 27
7 -2.174681e+000 27
8 -2.468033e+000 27
9 -2.133965e+000 27
10 -2.329072e+000 27
11 -2.006139e+000 27
12 -2.195665e+000 27
13 -2.144098e+000 27
14 -2.339425e+000 27
15 -2.114488e+000 27
16 -2.268318e+000 27
17 -2.222074e+000 27
18 -2.271333e+000 27
19 -2.282796e+000 27
20 -2.215684e+000 27
21 -2.143076e+000 27
22 -2.240815e+000 27
23 -2.597208e+000 27
24 -2.253541e+000 27
25 -2.250319e+000 27
26 -2.353159e+000 27
27 -2.438371e+000 27
28 -2.218658e+000 27
29 -2.030185e+000 27
30 -2.244744e+000 27
31 -2.317494e+000 27
32 -2.279516e+000 27
33 -2.102739e+000 27
34 -2.384136e+000 27
35 -2.302870e+000 27
36 -2.293967e+000 27
37 -2.195219e+000 27
38 -2.368463e+000 27
39 -2.212356e+000 27
40 -2.229905e+000 27
41 -2.397151e+000 27
42 -2.402905e+000 27
43 -2.213777e+000 27
44 -2.220817e+000 27
45 -2.501139e+000 27
46 -2.403159e+000 27
47 -2.142689e+000 27
48 -2.216660e+000 27
49 -2.318996e+000 27
50 -2.416742e+000 27
51 -2.161783e+000 27
52 -2.231714e+000 27
53 -2.119694e+000 27
54 -2.218079e+000 27
55 -2.081443e+000 27
56 -2.161398e+000 27
57 -2.134576e+000 27
58 -2.219541e+000 27
59 -2.200114e+000 27
60 -2.323733e+000 27
61 -2.016457e+000 27
62 -2.183958e+000 27
63 -2.172801e+000 27
64 -2.286591e+000 27
65 -2.084760e+000 27
66 -2.238973e+000 27
67 -2.280647e+000 27
68 -2.219727e+000 27
69 -2.004179e+000 27
70 -2.105849e+000 27
71 -2.348396e+000 27
72 -2.194470e+000 27
73 -1.954322e+000 27
74 -2.189475e+000 27
75 -2.349473e+000 27
76 -2.220450e+000 27
77 -2.062060e+000 27
78 -2.095693e+000 27
79 -2.410224e+000 27
80 -2.198555e+000 27
81 -2.176600e+000 27
82 -2.130640e+000 27
83 -2.185168e+000 27
84 -2.168925e+000 27
85 -2.373895e+000 27
86 -2.101454e+000 27
87 -2.217664e+000 27
88 -2.189627e+000 27
89 -2.252068e+000 27
90 -2.106788e+000 27
91 -2.226593e+000 27
92 -2.086880e+000 27
93 -2.218181e+000 27
94 -2.172323e+000 27
95 -2.360466e+000 27
96 -2.022270e+000 27
97 -2.344145e+000 27
98 -2.402208e+000 27
99 -2.354813e+000 27
100 -2.089935e+000 27

#epsilon= 4.354958e-004  dim= 3
0 -6.151099e+000 96
1 -2.330160e+000 96
2 -2.281976e+000 96
3 -2.285528e+000 96
4 -3.142929e+000 96
5 -2.304320e+000 96
6 -2.271696e+000 96
7 -2.249260e+000 96
8 -2.615911e+000 96
9 -2.235444e+000 96
10 -2.215631e+000 96
11 -2.225417e+000 96
12 -2.272072e+000 96
13 -2.214744e+000 96
14 -2.211415e+000 96
15 -2.209071e+000 96
16 -2.273868e+000 96
17 -2.136461e+000 96
18 -2.271558e+000 96
19 -2.244930e+000 96
20 -2.205128e+000 96
21 -2.070513e+000 96
22 -2.277017e+000 96
23 -2.305073e+000 96
24 -2.245854e+000 96
25 -2.168680e+000 96
26 -2.279769e+000 96
27 -2.336368e+000 96
28 -2.211896e+000 96
29 -2.114664e+000 96
30 -2.241425e+000 96
31 -2.262977e+000 96
32 -2.229665e+000 96
33 -2.238675e+000 96
34 -2.262726e+000 96
35 -2.234592e+000 96
36 -2.231148e+000 96
37 -2.196707e+000 96
38 -2.271406e+000 96
39 -2.154048e+000 96
40 -2.203268e+000 96
41 -2.249813e+000 96
42 -2.340649e+000 96
43 -2.180073e+000 96
44 -2.256784e+000 96
45 -2.286567e+000 96
46 -2.271248e+000 96
47 -2.133472e+000 96
48 -2.220902e+000 96
49 -2.275846e+000 96
50 -2.261753e+000 96
51 -2.185174e+000 96
52 -2.229140e+000 96
53 -2.267736e+000 96
54 -2.186730e+000 96
55 -2.180122e+000 96
56 -2.221595e+000 96
57 -2.258168e+000 96
58 -2.232031e+000 96
59 -2.234834e+000 96
60 -2.220082e+000 96
61 -2.166411e+000 96
62 -2.230729e+000 96
63 -2.261840e+000 96
64 -2.214187e+000 96
65 -2.226921e+000 96
66 -2.235288e+000 96
67 -2.288756e+000 96
68 -2.204331e+000 96
69 -2.194961e+000 96
70 -2.211590e+000 96
71 -2.288040e+000 96
72 -2.204962e+000 96
73 -2.216939e+000 96
74 -2.214174e+000 96
75 -2.276285e+000 96
76 -2.212177e+000 96
77 -2.177886e+000 96
78 -2.177007e+000 96
79 -2.274343e+000 96
80 -2.176514e+000 96
81 -2.179661e+000 96
82 -2.236019e+000 96
83 -2.164166e+000 96
84 -2.176657e+000 96
85 -2.230037e+000 96
86 -2.217360e+000 96
87 -2.224988e+000 96
88 -2.198338e+000 96
89 -2.242604e+000 96
90 -2.218275e+000 96
91 -2.232703e+000 96
92 -2.189931e+000 96
93 -2.216862e+000 96
94 -2.121820e+000 96
95 -2.266660e+000 96
96 -2.180716e+000 96
97 -2.202905e+000 96
98 -2.198359e+000 96
99 -2.244386e+000 96
100 -2.190261e+000 96

#epsilon= 7.744333e-004  dim= 3
0 -5.488779e+000 256
1 -2.248895e+000 256
2 -2.212116e+000 256
3 -2.230444e+000 256
4 -3.025732e+000 256
5 -2.215077e+000 256
6 -2.224289e+000 256
7 -2.222320e+000 256
8 -2.488009e+000 256
9 -2.154490e+000 256
10 -2.187230e+000 256
11 -2.178236e+000 256
12 -2.187201e+000 256
13 -2.117762e+000 256
14 -2.221396e+000 256
15 -2.162396e+000 256
16 -2.180137e+000 256
17 -2.100738e+000 256
18 -2.245913e+000 256
19 -2.139146e+000 256
20 -2.144383e+000 256
21 -2.104310e+000 256
22 -2.262164e+000 256
23 -2.168602e+000 256
24 -2.162176e+000 256
25 -2.110904e+000 256
26 -2.263958e+000 256
27 -2.165030e+000 256
28 -2.157070e+000 256
29 -2.122483e+000 256
30 -2.213717e+000 256
31 -2.171525e+000 256
32 -2.131689e+000 256
33 -2.137538e+000 256
34 -2.192900e+000 256
35 -2.143779e+000 256
36 -2.195069e+000 256
37 -2.145085e+000 256
38 -2.155722e+000 256
39 -2.146544e+000 256
40 -2.196134e+000 256
41 -2.192780e+000 256
42 -2.147713e+000 256
43 -2.183092e+000 256
44 -2.207784e+000 256
45 -2.215014e+000 256
46 -2.151656e+000 256
47 -2.164295e+000 256
48 -2.199559e+000 256
49 -2.169198e+000 256
50 -2.161430e+000 256
51 -2.152716e+000 256
52 -2.176172e+000 256
53 -2.170957e+000 256
54 -2.151549e+000 256
55 -2.148647e+000 256
56 -2.192454e+000 256
57 -2.155056e+000 256
58 -2.181770e+000 256
59 -2.164106e+000 256
60 -2.170245e+000 256
61 -2.165025e+000 256
62 -2.196383e+000 256
63 -2.183235e+000 256
64 -2.134859e+000 256
65 -2.144733e+000 256
66 -2.185114e+000 256
67 -2.201325e+000 256
68 -2.113925e+000 256
69 -2.123102e+000 256
70 -2.189502e+000 256
71 -2.188199e+000 256
72 -2.107251e+000 256
73 -2.103639e+000 256
74 -2.156723e+000 256
75 -2.143827e+000 256
76 -2.105533e+000 256
77 -2.124487e+000 256
78 -2.148584e+000 256
79 -2.137324e+000 256
80 -2.104144e+000 256
81 -2.115834e+000 256
82 -2.167524e+000 256
83 -2.117052e+000 256
84 -2.087637e+000 256
85 -2.119814e+000 256
86 -2.170681e+000 256
87 -2.156869e+000 256
88 -2.140848e+000 256
89 -2.137039e+000 256
90 -2.156996e+000 256
91 -2.126780e+000 256
92 -2.173489e+000 256
93 -2.153829e+000 256
94 -2.153572e+000 256
95 -2.130868e+000 256
96 -2.210124e+000 256
97 -2.192516e+000 256
98 -2.172280e+000 256
99 -2.146873e+000 256
100 -2.186749e+000 256

#epsilon= 1.377159e-003  dim= 3
0 -4.876412e+000 409
1 -2.132569e+000 409
2 -2.123448e+000 409
3 -2.122621e+000 409
4 -2.777982e+000 409
5 -2.109840e+000 409
6 -2.105757e+000 409
7 -2.094826e+000 409
8 -2.360334e+000 409
9 -2.092962e+000 409
10 -2.088566e+000 409
11 -2.093512e+000 409
12 -2.116192e+000 409
13 -2.090071e+000 409
14 -2.094193e+000 409
15 -2.086931e+000 409
16 -2.110324e+000 409
17 -2.066353e+000 409
18 -2.095370e+000 409
19 -2.073373e+000 409
20 -2.093546e+000 409
21 -2.055441e+000 409
22 -2.090163e+000 409
23 -2.082050e+000 409
24 -2.086780e+000 409
25 -2.054044e+000 409
26 -2.074782e+000 409
27 -2.081987e+000 409
28 -2.069709e+000 409
29 -2.053222e+000 409
30 -2.062960e+000 409
31 -2.067184e+000 409
32 -2.067958e+000 409
33 -2.052871e+000 409
34 -2.067641e+000 409
35 -2.064226e+000 409
36 -2.066883e+000 409
37 -2.061309e+000 409
38 -2.095705e+000 409
39 -2.053958e+000 409
40 -2.065197e+000 409
41 -2.073759e+000 409
42 -2.100239e+000 409
43 -2.063264e+000 409
44 -2.090038e+000 409
45 -2.073241e+000 409
46 -2.093575e+000 409
47 -2.077658e+000 409
48 -2.093243e+000 409
49 -2.073338e+000 409
50 -2.075383e+000 409
51 -2.066344e+000 409
52 -2.097022e+000 409
53 -2.064832e+000 409
54 -2.066697e+000 409
55 -2.059667e+000 409
56 -2.077377e+000 409
57 -2.064100e+000 409
58 -2.065604e+000 409
59 -2.057591e+000 409
60 -2.077075e+000 409
61 -2.069508e+000 409
62 -2.087637e+000 409
63 -2.080860e+000 409
64 -2.069057e+000 409
65 -2.066231e+000 409
66 -2.090188e+000 409
67 -2.077333e+000 409
68 -2.049086e+000 409
69 -2.037289e+000 409
70 -2.098048e+000 409
71 -2.082065e+000 409
72 -2.058322e+000 409
73 -2.033823e+000 409
74 -2.097337e+000 409
75 -2.064273e+000 409
76 -2.072062e+000 409
77 -2.042440e+000 409
78 -2.082126e+000 409
79 -2.059021e+000 409
80 -2.069840e+000 409
81 -2.070699e+000 409
82 -2.084789e+000 409
83 -2.068988e+000 409
84 -2.074441e+000 409
85 -2.099107e+000 409
86 -2.071500e+000 409
87 -2.071299e+000 409
88 -2.070445e+000 409
89 -2.089580e+000 409
90 -2.051277e+000 409
91 -2.081123e+000 409
92 -2.086414e+000 409
93 -2.093211e+000 409
94 -2.078341e+000 409
95 -2.075062e+000 409
96 -2.084342e+000 409
97 -2.088316e+000 409
98 -2.073519e+000 409
99 -2.086914e+000 409
100 -2.083306e+000 409

