#epsilon= 7.265153e-005  dim= 3
0 -7.323391e+000 9
1 -2.586144e+000 9
2 -2.755605e+000 9
3 -2.508827e+000 9
4 -2.479995e+000 9
5 -3.472869e+000 9
6 -2.484328e+000 9
7 -2.762570e+000 9
8 -2.502145e+000 9
9 -2.488544e+000 9
10 -3.002948e+000 9
11 -2.468694e+000 9
12 -2.453275e+000 9
13 -2.524569e+000 9
14 -2.492943e+000 9
15 -2.626782e+000 9
16 -2.317616e+000 9
17 -2.592148e+000 9
18 -2.305933e+000 9
19 -2.478074e+000 9
20 -2.640064e+000 9
21 -2.338460e+000 9
22 -2.376373e+000 9
23 -2.257177e+000 9
24 -2.182582e+000 9
25 -2.283455e+000 9
26 -2.027750e+000 9
27 -2.317509e+000 9
28 -2.177005e+000 9
29 -2.372130e+000 9
30 -1.861169e+000 9
31 -1.973557e+000 9
32 -2.255646e+000 9
33 -2.169516e+000 9
34 -1.966986e+000 9
35 -1.855735e+000 9
36 -1.970212e+000 9
37 -2.240123e+000 9
38 -2.051445e+000 9
39 -2.160471e+000 9
40 -2.046721e+000 9
41 -2.412531e+000 9
42 -2.084042e+000 9
43 -2.023946e+000 9
44 -2.163345e+000 9
45 -2.218703e+000 9
46 -2.390378e+000 9
47 -2.071805e+000 9
48 -2.193213e+000 9
49 -2.187675e+000 9
50 -2.348485e+000 9
51 -2.238955e+000 9
52 -2.136645e+000 9
53 -2.097443e+000 9
54 -2.165319e+000 9
55 -1.950091e+000 9
56 -2.219572e+000 9
57 -2.039314e+000 9
58 -2.330686e+000 9
59 -1.987883e+000 9
60 -2.077485e+000 9
61 -2.433631e+000 9
62 -2.146775e+000 9
63 -2.380007e+000 9
64 -2.073703e+000 9
65 -2.206976e+000 9
66 -2.599864e+000 9
67 -2.256986e+000 9
68 -2.439318e+000 9
69 -2.432617e+000 9
70 -2.696357e+000 9
71 -2.702789e+000 9
72 -2.606692e+000 9
73 -2.697201e+000 9
74 -2.779568e+000 9
75 -2.749559e+000 9
76 -2.491629e+000 9
77 -2.723706e+000 9
78 -2.668286e+000 9
79 -2.836965e+000 9
80 -2.699388e+000 9
81 -2.717759e+000 9
82 -2.340792e+000 9
83 -2.654919e+000 9
84 -2.847995e+000 9
85 -2.585850e+000 9
86 -2.522462e+000 9
87 -2.281404e+000 9
88 -2.573142e+000 9
89 -3.075162e+000 9
90 -2.567627e+000 9
91 -2.422744e+000 9
92 -2.509155e+000 9
93 -2.632038e+000 9
94 -3.000474e+000 9
95 -2.876602e+000 9
96 -2.404299e+000 9
97 -2.757758e+000 9
98 -2.868235e+000 9
99 -2.682892e+000 9
100 -2.588586e+000 9

#epsilon= 7.265153e-005  dim= 4

#epsilon= 7.265153e-005  dim= 5

#epsilon= 7.265153e-005  dim= 6

#epsilon= 7.265153e-005  dim= 7

#epsilon= 7.265153e-005  dim= 8

#epsilon= 7.265153e-005  dim= 9

#epsilon= 7.265153e-005  dim= 10

#epsilon= 1.291947e-004  dim= 3
0 -6.757622e+000 38
1 -2.421150e+000 38
2 -2.550580e+000 38
3 -2.725289e+000 38
4 -2.523756e+000 38
5 -3.753564e+000 38
6 -2.414114e+000 38
7 -2.545822e+000 38
8 -2.643384e+000 38
9 -2.480976e+000 38
10 -2.899155e+000 38
11 -2.420225e+000 38
12 -2.439368e+000 38
13 -2.543339e+000 38
14 -2.448247e+000 38
15 -2.525833e+000 38
16 -2.441429e+000 38
17 -2.446989e+000 38
18 -2.355303e+000 38
19 -2.468565e+000 38
20 -2.364148e+000 38
21 -2.545388e+000 38
22 -2.423084e+000 38
23 -2.387249e+000 38
24 -2.360668e+000 38
25 -2.271251e+000 38
26 -2.296337e+000 38
27 -2.353486e+000 38
28 -2.378370e+000 38
29 -2.347046e+000 38
30 -2.076264e+000 38
31 -2.200179e+000 38
32 -2.422781e+000 38
33 -2.399854e+000 38
34 -2.237391e+000 38
35 -2.128046e+000 38
36 -2.047226e+000 38
37 -2.313851e+000 38
38 -2.489275e+000 38
39 -2.343069e+000 38
40 -2.245415e+000 38
41 -2.269097e+000 38
42 -2.236617e+000 38
43 -2.437978e+000 38
44 -2.330325e+000 38
45 -2.357899e+000 38
46 -2.333776e+000 38
47 -2.265603e+000 38
48 -2.412470e+000 38
49 -2.376312e+000 38
50 -2.489509e+000 38
51 -2.463345e+000 38
52 -2.305086e+000 38
53 -2.341099e+000 38
54 -2.357102e+000 38
55 -2.377650e+000 38
56 -2.489540e+000 38
57 -2.323340e+000 38
58 -2.408777e+000 38
59 -2.444015e+000 38
60 -2.334098e+000 38
61 -2.523467e+000 38
62 -2.333398e+000 38
63 -2.502443e+000 38
64 -2.425087e+000 38
65 -2.394784e+000 38
66 -2.433514e+000 38
67 -2.283658e+000 38
68 -2.630448e+000 38
69 -2.517330e+000 38
70 -2.603803e+000 38
71 -2.470733e+000 38
72 -2.403194e+000 38
73 -2.704791e+000 38
74 -2.511745e+000 38
75 -2.651829e+000 38
76 -2.360216e+000 38
77 -2.526084e+000 38
78 -2.742520e+000 38
79 -2.500128e+000 38
80 -2.490317e+000 38
81 -2.354167e+000 38
82 -2.603591e+000 38
83 -2.686963e+000 38
84 -2.552279e+000 38
85 -2.337621e+000 38
86 -2.320076e+000 38
87 -2.566011e+000 38
88 -2.581782e+000 38
89 -2.545276e+000 38
90 -2.297631e+000 38
91 -2.328212e+000 38
92 -2.436042e+000 38
93 -2.585981e+000 38
94 -2.491080e+000 38
95 -2.387392e+000 38
96 -2.452377e+000 38
97 -2.453744e+000 38
98 -2.599600e+000 38
99 -2.560219e+000 38
100 -2.285678e+000 38

#epsilon= 1.291947e-004  dim= 4
0 -6.722131e+000 1
1 -2.682176e+000 1
2 -1.344920e+000 1
3 -1.973072e+000 1
4 -1.798302e+000 1
5 -4.382206e+000 1
6 -1.716770e+000 1
7 -1.336135e+000 1
8 -1.759904e+000 1
9 -1.783394e+000 1
10 -2.908455e+000 1
11 -1.683739e+000 1
12 -1.331139e+000 1
13 -1.781910e+000 1
14 -1.773399e+000 1
15 -1.880781e+000 1
16 -1.716126e+000 1
17 -2.115684e+000 1
18 -2.180322e+000 1
19 -1.804763e+000 1
20 -1.845665e+000 1
21 -1.693651e+000 1
22 -2.149583e+000 1
23 -2.234696e+000 1
24 -2.019770e+000 1
25 -1.791546e+000 1
26 -2.356097e+000 1
27 -3.096397e+000 1
28 -3.242724e+000 1
29 -2.068960e+000 1
30 -1.748962e+000 1
31 -2.536713e+000 1
32 -3.202523e+000 1
33 -2.889574e+000 1
34 -2.067060e+000 1
35 -2.279852e+000 1
36 -2.449379e+000 1
37 -3.519737e+000 1
38 -2.490873e+000 1
39 -1.908916e+000 1
40 -2.366072e+000 1
41 -2.552933e+000 1
42 -3.047333e+000 1
43 -2.531444e+000 1
44 -1.924559e+000 1
45 -2.514196e+000 1
46 -2.948815e+000 1
47 -2.982658e+000 1
48 -2.329577e+000 1
49 -1.949305e+000 1
50 -3.296119e+000 1
51 -2.983503e+000 1
52 -3.028198e+000 1
53 -2.415244e+000 1
54 -1.860173e+000 1
55 -2.575034e+000 1
56 -2.440326e+000 1
57 -2.963607e+000 1
58 -2.498032e+000 1
59 -2.052327e+000 1
60 -2.049648e+000 1
61 -2.256159e+000 1
62 -2.331953e+000 1
63 -2.465773e+000 1
64 -2.472448e+000 1
65 -1.606106e+000 1
66 -8.452917e-001 1
67 -2.290901e+000 1
68 -2.788988e+000 1
69 -2.453523e+000 1
70 -1.607456e+000 1
71 -8.255770e-001 1
72 -2.159114e+000 1
73 -2.195448e+000 1
74 -1.591144e+000 1
75 -1.643282e+000 1
76 -8.387880e-001 1
77 -2.164317e+000 1
78 -2.288880e+000 1
79 -1.433508e+000 1
80 -1.747883e+000 1
81 -8.287049e-001 1
82 -2.003589e+000 1
83 -2.311476e+000 1
84 -1.440790e+000 1
85 -2.442740e+000 1
86 -1.810479e+000 1
87 -1.926211e+000 1
88 -2.220462e+000 1
89 -1.330252e+000 1
90 -1.745625e+000 1
91 -1.869950e+000 1
92 -1.598350e+000 1
93 -2.864813e+000 1
94 -1.744032e+000 1
95 -1.683031e+000 1
96 -1.789040e+000 1
97 -1.600864e+000 1
98 -2.804704e+000 1
99 -2.094687e+000 1
100 -1.739337e+000 1

#epsilon= 1.291947e-004  dim= 5

#epsilon= 1.291947e-004  dim= 6

#epsilon= 1.291947e-004  dim= 7

#epsilon= 1.291947e-004  dim= 8

#epsilon= 1.291947e-004  dim= 9

#epsilon= 1.291947e-004  dim= 10

#epsilon= 2.297443e-004  dim= 3
0 -6.110110e+000 124
1 -2.429858e+000 124
2 -2.469474e+000 124
3 -2.519920e+000 124
4 -2.429326e+000 124
5 -3.355497e+000 124
6 -2.429195e+000 124
7 -2.438978e+000 124
8 -2.506942e+000 124
9 -2.400277e+000 124
10 -2.717991e+000 124
11 -2.407591e+000 124
12 -2.404395e+000 124
13 -2.476979e+000 124
14 -2.346009e+000 124
15 -2.380183e+000 124
16 -2.478007e+000 124
17 -2.414600e+000 124
18 -2.360504e+000 124
19 -2.351516e+000 124
20 -2.384469e+000 124
21 -2.462768e+000 124
22 -2.362822e+000 124
23 -2.365119e+000 124
24 -2.321465e+000 124
25 -2.375718e+000 124
26 -2.377087e+000 124
27 -2.338388e+000 124
28 -2.380796e+000 124
29 -2.408744e+000 124
30 -2.349396e+000 124
31 -2.308673e+000 124
32 -2.327295e+000 124
33 -2.378271e+000 124
34 -2.309967e+000 124
35 -2.276687e+000 124
36 -2.221749e+000 124
37 -2.367519e+000 124
38 -2.357673e+000 124
39 -2.306702e+000 124
40 -2.302122e+000 124
41 -2.308557e+000 124
42 -2.356053e+000 124
43 -2.345756e+000 124
44 -2.299551e+000 124
45 -2.315243e+000 124
46 -2.321568e+000 124
47 -2.291055e+000 124
48 -2.348590e+000 124
49 -2.306402e+000 124
50 -2.328167e+000 124
51 -2.348502e+000 124
52 -2.299147e+000 124
53 -2.368267e+000 124
54 -2.293114e+000 124
55 -2.301832e+000 124
56 -2.326816e+000 124
57 -2.308634e+000 124
58 -2.322640e+000 124
59 -2.311458e+000 124
60 -2.337264e+000 124
61 -2.368431e+000 124
62 -2.334315e+000 124
63 -2.332246e+000 124
64 -2.395545e+000 124
65 -2.337214e+000 124
66 -2.343218e+000 124
67 -2.351287e+000 124
68 -2.339164e+000 124
69 -2.395620e+000 124
70 -2.334172e+000 124
71 -2.336348e+000 124
72 -2.341804e+000 124
73 -2.389558e+000 124
74 -2.421536e+000 124
75 -2.394775e+000 124
76 -2.321635e+000 124
77 -2.377801e+000 124
78 -2.462264e+000 124
79 -2.400667e+000 124
80 -2.359126e+000 124
81 -2.291819e+000 124
82 -2.373813e+000 124
83 -2.446781e+000 124
84 -2.407277e+000 124
85 -2.424082e+000 124
86 -2.300537e+000 124
87 -2.410037e+000 124
88 -2.410489e+000 124
89 -2.338883e+000 124
90 -2.391447e+000 124
91 -2.307760e+000 124
92 -2.383619e+000 124
93 -2.333553e+000 124
94 -2.286692e+000 124
95 -2.352013e+000 124
96 -2.373046e+000 124
97 -2.357307e+000 124
98 -2.288578e+000 124
99 -2.344601e+000 124
100 -2.284843e+000 124

#epsilon= 2.297443e-004  dim= 4
0 -6.169900e+000 5
1 -2.777904e+000 5
2 -2.010898e+000 5
3 -2.304173e+000 5
4 -2.425877e+000 5
5 -3.895177e+000 5
6 -2.636128e+000 5
7 -2.098378e+000 5
8 -2.276752e+000 5
9 -2.197693e+000 5
10 -2.437663e+000 5
11 -2.466847e+000 5
12 -2.006940e+000 5
13 -2.378466e+000 5
14 -2.200738e+000 5
15 -2.060815e+000 5
16 -2.282726e+000 5
17 -2.228187e+000 5
18 -2.291371e+000 5
19 -2.175973e+000 5
20 -1.983483e+000 5
21 -2.017772e+000 5
22 -2.075605e+000 5
23 -2.249290e+000 5
24 -2.204278e+000 5
25 -1.912827e+000 5
26 -2.183620e+000 5
27 -2.293216e+000 5
28 -2.567446e+000 5
29 -1.914729e+000 5
30 -2.124158e+000 5
31 -2.177590e+000 5
32 -2.357288e+000 5
33 -2.374503e+000 5
34 -1.876074e+000 5
35 -2.335770e+000 5
36 -1.873945e+000 5
37 -2.439200e+000 5
38 -2.337289e+000 5
39 -1.664678e+000 5
40 -2.326312e+000 5
41 -2.012117e+000 5
42 -2.876234e+000 5
43 -2.254181e+000 5
44 -1.649679e+000 5
45 -2.418730e+000 5
46 -1.915764e+000 5
47 -2.764007e+000 5
48 -2.226959e+000 5
49 -1.937477e+000 5
50 -2.552521e+000 5
51 -2.054565e+000 5
52 -2.500885e+000 5
53 -2.393299e+000 5
54 -2.044044e+000 5
55 -2.445350e+000 5
56 -2.169854e+000 5
57 -2.511756e+000 5
58 -2.445868e+000 5
59 -2.259373e+000 5
60 -2.337571e+000 5
61 -2.071383e+000 5
62 -2.286076e+000 5
63 -2.541965e+000 5
64 -2.400694e+000 5
65 -2.269778e+000 5
66 -2.116315e+000 5
67 -2.311278e+000 5
68 -2.522180e+000 5
69 -2.625191e+000 5
70 -2.035579e+000 5
71 -1.943033e+000 5
72 -2.427128e+000 5
73 -2.419760e+000 5
74 -2.499458e+000 5
75 -1.959410e+000 5
76 -1.983629e+000 5
77 -2.361909e+000 5
78 -2.254846e+000 5
79 -2.485409e+000 5
80 -1.944018e+000 5
81 -1.946723e+000 5
82 -2.359807e+000 5
83 -2.031746e+000 5
84 -1.971095e+000 5
85 -2.045775e+000 5
86 -1.921075e+000 5
87 -2.355730e+000 5
88 -2.126142e+000 5
89 -1.715776e+000 5
90 -2.046494e+000 5
91 -1.905917e+000 5
92 -2.301926e+000 5
93 -2.277229e+000 5
94 -1.764915e+000 5
95 -2.259493e+000 5
96 -1.939771e+000 5
97 -2.140962e+000 5
98 -2.239087e+000 5
99 -1.775827e+000 5
100 -2.375030e+000 5

#epsilon= 2.297443e-004  dim= 5

#epsilon= 2.297443e-004  dim= 6

#epsilon= 2.297443e-004  dim= 7

#epsilon= 2.297443e-004  dim= 8

#epsilon= 2.297443e-004  dim= 9

#epsilon= 2.297443e-004  dim= 10

#epsilon= 4.085496e-004  dim= 3
0 -5.465145e+000 311
1 -2.375633e+000 311
2 -2.410295e+000 311
3 -2.392469e+000 311
4 -2.337181e+000 311
5 -3.128811e+000 311
6 -2.359352e+000 311
7 -2.422775e+000 311
8 -2.353465e+000 311
9 -2.305419e+000 311
10 -2.587704e+000 311
11 -2.330869e+000 311
12 -2.365989e+000 311
13 -2.337952e+000 311
14 -2.288550e+000 311
15 -2.314504e+000 311
16 -2.325510e+000 311
17 -2.337080e+000 311
18 -2.280245e+000 311
19 -2.279996e+000 311
20 -2.270121e+000 311
21 -2.302092e+000 311
22 -2.300944e+000 311
23 -2.240170e+000 311
24 -2.272169e+000 311
25 -2.272754e+000 311
26 -2.293228e+000 311
27 -2.256737e+000 311
28 -2.228600e+000 311
29 -2.258252e+000 311
30 -2.249584e+000 311
31 -2.273718e+000 311
32 -2.228174e+000 311
33 -2.226133e+000 311
34 -2.251964e+000 311
35 -2.268111e+000 311
36 -2.246166e+000 311
37 -2.235077e+000 311
38 -2.240091e+000 311
39 -2.227605e+000 311
40 -2.283275e+000 311
41 -2.243509e+000 311
42 -2.253668e+000 311
43 -2.274958e+000 311
44 -2.226707e+000 311
45 -2.275285e+000 311
46 -2.260879e+000 311
47 -2.255773e+000 311
48 -2.292286e+000 311
49 -2.249745e+000 311
50 -2.264518e+000 311
51 -2.280422e+000 311
52 -2.236595e+000 311
53 -2.272058e+000 311
54 -2.263798e+000 311
55 -2.264720e+000 311
56 -2.279816e+000 311
57 -2.228024e+000 311
58 -2.246725e+000 311
59 -2.244465e+000 311
60 -2.272539e+000 311
61 -2.271970e+000 311
62 -2.254327e+000 311
63 -2.254084e+000 311
64 -2.252495e+000 311
65 -2.266680e+000 311
66 -2.219002e+000 311
67 -2.280816e+000 311
68 -2.258963e+000 311
69 -2.292698e+000 311
70 -2.268105e+000 311
71 -2.245474e+000 311
72 -2.286364e+000 311
73 -2.292911e+000 311
74 -2.338606e+000 311
75 -2.273665e+000 311
76 -2.257493e+000 311
77 -2.298517e+000 311
78 -2.307907e+000 311
79 -2.319085e+000 311
80 -2.263184e+000 311
81 -2.257213e+000 311
82 -2.304011e+000 311
83 -2.332082e+000 311
84 -2.300047e+000 311
85 -2.276808e+000 311
86 -2.294843e+000 311
87 -2.290876e+000 311
88 -2.315396e+000 311
89 -2.316543e+000 311
90 -2.298605e+000 311
91 -2.304463e+000 311
92 -2.284736e+000 311
93 -2.305315e+000 311
94 -2.300747e+000 311
95 -2.295224e+000 311
96 -2.314367e+000 311
97 -2.295752e+000 311
98 -2.284483e+000 311
99 -2.287238e+000 311
100 -2.269909e+000 311

#epsilon= 4.085496e-004  dim= 4
0 -5.449785e+000 45
1 -2.469663e+000 45
2 -2.393508e+000 45
3 -2.498699e+000 45
4 -2.304934e+000 45
5 -3.643180e+000 45
6 -2.361737e+000 45
7 -2.397434e+000 45
8 -2.367700e+000 45
9 -2.333219e+000 45
10 -2.864518e+000 45
11 -2.316175e+000 45
12 -2.307504e+000 45
13 -2.384210e+000 45
14 -2.263186e+000 45
15 -2.603128e+000 45
16 -2.269018e+000 45
17 -2.217205e+000 45
18 -2.323514e+000 45
19 -2.176822e+000 45
20 -2.325618e+000 45
21 -2.210973e+000 45
22 -2.154690e+000 45
23 -2.191845e+000 45
24 -2.210945e+000 45
25 -2.156603e+000 45
26 -2.183451e+000 45
27 -2.114553e+000 45
28 -2.138324e+000 45
29 -2.130192e+000 45
30 -2.080664e+000 45
31 -2.238197e+000 45
32 -2.073060e+000 45
33 -2.141003e+000 45
34 -2.114072e+000 45
35 -1.969901e+000 45
36 -2.133645e+000 45
37 -2.166636e+000 45
38 -2.131520e+000 45
39 -2.061316e+000 45
40 -1.997526e+000 45
41 -2.066084e+000 45
42 -2.116775e+000 45
43 -2.146343e+000 45
44 -2.057331e+000 45
45 -2.077983e+000 45
46 -2.109535e+000 45
47 -2.141458e+000 45
48 -2.211988e+000 45
49 -2.122669e+000 45
50 -2.119054e+000 45
51 -2.109616e+000 45
52 -2.136268e+000 45
53 -2.154830e+000 45
54 -2.079426e+000 45
55 -2.191852e+000 45
56 -2.124025e+000 45
57 -2.111268e+000 45
58 -2.200463e+000 45
59 -2.120422e+000 45
60 -2.180242e+000 45
61 -2.119417e+000 45
62 -2.068362e+000 45
63 -2.164946e+000 45
64 -2.194799e+000 45
65 -2.229592e+000 45
66 -2.041953e+000 45
67 -2.114872e+000 45
68 -2.136892e+000 45
69 -2.225429e+000 45
70 -2.211819e+000 45
71 -2.010991e+000 45
72 -2.218826e+000 45
73 -2.187467e+000 45
74 -2.283291e+000 45
75 -2.224842e+000 45
76 -2.053448e+000 45
77 -2.134575e+000 45
78 -2.185635e+000 45
79 -2.322215e+000 45
80 -2.217675e+000 45
81 -2.077507e+000 45
82 -2.254028e+000 45
83 -2.228223e+000 45
84 -2.154186e+000 45
85 -2.167182e+000 45
86 -2.159423e+000 45
87 -2.255322e+000 45
88 -2.249080e+000 45
89 -2.116869e+000 45
90 -2.152942e+000 45
91 -2.118241e+000 45
92 -2.249614e+000 45
93 -2.233176e+000 45
94 -2.049038e+000 45
95 -2.205569e+000 45
96 -2.046506e+000 45
97 -2.312389e+000 45
98 -2.136582e+000 45
99 -2.024701e+000 45
100 -2.210750e+000 45

#epsilon= 4.085496e-004  dim= 5
0 -5.326531e+000 5
1 -2.314278e+000 5
2 -1.928863e+000 5
3 -2.208770e+000 5
4 -2.111127e+000 5
5 -3.317544e+000 5
6 -2.414681e+000 5
7 -1.931200e+000 5
8 -2.070796e+000 5
9 -1.952888e+000 5
10 -2.694850e+000 5
11 -2.254918e+000 5
12 -1.950314e+000 5
13 -2.123043e+000 5
14 -2.094869e+000 5
15 -2.622851e+000 5
16 -1.777236e+000 5
17 -1.870154e+000 5
18 -2.235487e+000 5
19 -2.056929e+000 5
20 -2.288055e+000 5
21 -1.786745e+000 5
22 -1.855863e+000 5
23 -1.951986e+000 5
24 -1.826840e+000 5
25 -2.079695e+000 5
26 -1.847979e+000 5
27 -1.778191e+000 5
28 -1.861941e+000 5
29 -1.770329e+000 5
30 -2.187320e+000 5
31 -1.717172e+000 5
32 -1.796558e+000 5
33 -1.934031e+000 5
34 -1.749420e+000 5
35 -2.014378e+000 5
36 -1.644830e+000 5
37 -1.819393e+000 5
38 -1.950009e+000 5
39 -1.773079e+000 5
40 -2.084844e+000 5
41 -1.763561e+000 5
42 -1.820439e+000 5
43 -1.962088e+000 5
44 -1.697581e+000 5
45 -2.100912e+000 5
46 -1.803369e+000 5
47 -1.895487e+000 5
48 -2.073310e+000 5
49 -1.707828e+000 5
50 -2.186167e+000 5
51 -1.661809e+000 5
52 -1.938559e+000 5
53 -2.182795e+000 5
54 -2.013539e+000 5
55 -2.060446e+000 5
56 -1.751009e+000 5
57 -1.956794e+000 5
58 -2.258001e+000 5
59 -2.126232e+000 5
60 -1.996645e+000 5
61 -1.982326e+000 5
62 -1.814066e+000 5
63 -2.076369e+000 5
64 -2.063191e+000 5
65 -2.000398e+000 5
66 -2.154219e+000 5
67 -1.901462e+000 5
68 -2.128110e+000 5
69 -2.314564e+000 5
70 -2.022299e+000 5
71 -2.119302e+000 5
72 -2.005109e+000 5
73 -2.138772e+000 5
74 -2.458804e+000 5
75 -1.938456e+000 5
76 -2.371396e+000 5
77 -2.297521e+000 5
78 -2.029916e+000 5
79 -2.324821e+000 5
80 -1.972248e+000 5
81 -2.230822e+000 5
82 -2.405368e+000 5
83 -2.039140e+000 5
84 -1.997853e+000 5
85 -2.154100e+000 5
86 -2.225239e+000 5
87 -2.561105e+000 5
88 -2.201058e+000 5
89 -2.019234e+000 5
90 -2.192009e+000 5
91 -1.925700e+000 5
92 -2.495805e+000 5
93 -2.161057e+000 5
94 -1.803870e+000 5
95 -2.187079e+000 5
96 -1.795113e+000 5
97 -2.463800e+000 5
98 -1.987997e+000 5
99 -1.676864e+000 5
100 -2.361318e+000 5

#epsilon= 4.085496e-004  dim= 6

#epsilon= 4.085496e-004  dim= 7

#epsilon= 4.085496e-004  dim= 8

#epsilon= 4.085496e-004  dim= 9

#epsilon= 4.085496e-004  dim= 10

#epsilon= 7.265153e-004  dim= 3
0 -4.883240e+000 440
1 -2.214618e+000 440
2 -2.234187e+000 440
3 -2.209410e+000 440
4 -2.209390e+000 440
5 -2.885237e+000 440
6 -2.236113e+000 440
7 -2.227783e+000 440
8 -2.203909e+000 440
9 -2.197728e+000 440
10 -2.431178e+000 440
11 -2.217163e+000 440
12 -2.211342e+000 440
13 -2.208376e+000 440
14 -2.195792e+000 440
15 -2.193325e+000 440
16 -2.206650e+000 440
17 -2.226411e+000 440
18 -2.205417e+000 440
19 -2.190675e+000 440
20 -2.192550e+000 440
21 -2.187192e+000 440
22 -2.202772e+000 440
23 -2.168299e+000 440
24 -2.186150e+000 440
25 -2.203837e+000 440
26 -2.175966e+000 440
27 -2.193178e+000 440
28 -2.177355e+000 440
29 -2.172018e+000 440
30 -2.171081e+000 440
31 -2.159267e+000 440
32 -2.172034e+000 440
33 -2.169264e+000 440
34 -2.167515e+000 440
35 -2.181778e+000 440
36 -2.172700e+000 440
37 -2.173915e+000 440
38 -2.177175e+000 440
39 -2.177503e+000 440
40 -2.188397e+000 440
41 -2.187629e+000 440
42 -2.202490e+000 440
43 -2.162840e+000 440
44 -2.172090e+000 440
45 -2.207812e+000 440
46 -2.178658e+000 440
47 -2.207269e+000 440
48 -2.187854e+000 440
49 -2.172692e+000 440
50 -2.207074e+000 440
51 -2.183078e+000 440
52 -2.193352e+000 440
53 -2.173320e+000 440
54 -2.176751e+000 440
55 -2.192729e+000 440
56 -2.181424e+000 440
57 -2.186103e+000 440
58 -2.170368e+000 440
59 -2.169878e+000 440
60 -2.184361e+000 440
61 -2.173327e+000 440
62 -2.182567e+000 440
63 -2.175202e+000 440
64 -2.179393e+000 440
65 -2.178156e+000 440
66 -2.172452e+000 440
67 -2.172927e+000 440
68 -2.189003e+000 440
69 -2.181654e+000 440
70 -2.175604e+000 440
71 -2.175849e+000 440
72 -2.161085e+000 440
73 -2.183763e+000 440
74 -2.209174e+000 440
75 -2.163110e+000 440
76 -2.172415e+000 440
77 -2.142831e+000 440
78 -2.173409e+000 440
79 -2.191825e+000 440
80 -2.164669e+000 440
81 -2.152543e+000 440
82 -2.154385e+000 440
83 -2.163987e+000 440
84 -2.182671e+000 440
85 -2.167179e+000 440
86 -2.176362e+000 440
87 -2.157180e+000 440
88 -2.186208e+000 440
89 -2.177799e+000 440
90 -2.186155e+000 440
91 -2.190946e+000 440
92 -2.182495e+000 440
93 -2.200569e+000 440
94 -2.190418e+000 440
95 -2.210096e+000 440
96 -2.206299e+000 440
97 -2.196763e+000 440
98 -2.209299e+000 440
99 -2.187174e+000 440
100 -2.200841e+000 440

#epsilon= 7.265153e-004  dim= 4
0 -4.825710e+000 212
1 -2.194305e+000 212
2 -2.256671e+000 212
3 -2.232252e+000 212
4 -2.254452e+000 212
5 -3.208935e+000 212
6 -2.197815e+000 212
7 -2.234303e+000 212
8 -2.205811e+000 212
9 -2.223196e+000 212
10 -2.677442e+000 212
11 -2.200870e+000 212
12 -2.250895e+000 212
13 -2.199519e+000 212
14 -2.204856e+000 212
15 -2.337565e+000 212
16 -2.166563e+000 212
17 -2.212139e+000 212
18 -2.169092e+000 212
19 -2.138560e+000 212
20 -2.102059e+000 212
21 -2.158943e+000 212
22 -2.147117e+000 212
23 -2.141497e+000 212
24 -2.091940e+000 212
25 -2.069396e+000 212
26 -2.174289e+000 212
27 -2.131162e+000 212
28 -2.111947e+000 212
29 -2.097916e+000 212
30 -2.043776e+000 212
31 -2.140735e+000 212
32 -2.090245e+000 212
33 -2.092472e+000 212
34 -2.090010e+000 212
35 -2.032126e+000 212
36 -2.111401e+000 212
37 -2.088878e+000 212
38 -2.114270e+000 212
39 -2.110231e+000 212
40 -2.074348e+000 212
41 -2.103381e+000 212
42 -2.084386e+000 212
43 -2.128697e+000 212
44 -2.079344e+000 212
45 -2.122826e+000 212
46 -2.097904e+000 212
47 -2.117677e+000 212
48 -2.164983e+000 212
49 -2.075450e+000 212
50 -2.136199e+000 212
51 -2.099601e+000 212
52 -2.135278e+000 212
53 -2.136712e+000 212
54 -2.084161e+000 212
55 -2.169512e+000 212
56 -2.096650e+000 212
57 -2.164953e+000 212
58 -2.152182e+000 212
59 -2.098596e+000 212
60 -2.184012e+000 212
61 -2.103835e+000 212
62 -2.182265e+000 212
63 -2.112403e+000 212
64 -2.110413e+000 212
65 -2.134076e+000 212
66 -2.100215e+000 212
67 -2.167763e+000 212
68 -2.117233e+000 212
69 -2.132772e+000 212
70 -2.149460e+000 212
71 -2.113267e+000 212
72 -2.177503e+000 212
73 -2.143328e+000 212
74 -2.123667e+000 212
75 -2.141150e+000 212
76 -2.144058e+000 212
77 -2.169800e+000 212
78 -2.147819e+000 212
79 -2.124301e+000 212
80 -2.134708e+000 212
81 -2.129621e+000 212
82 -2.142783e+000 212
83 -2.158822e+000 212
84 -2.105738e+000 212
85 -2.152373e+000 212
86 -2.121591e+000 212
87 -2.116040e+000 212
88 -2.144582e+000 212
89 -2.113992e+000 212
90 -2.130045e+000 212
91 -2.151522e+000 212
92 -2.121521e+000 212
93 -2.134729e+000 212
94 -2.113376e+000 212
95 -2.111272e+000 212
96 -2.144276e+000 212
97 -2.120954e+000 212
98 -2.117173e+000 212
99 -2.151431e+000 212
100 -2.103133e+000 212

#epsilon= 7.265153e-004  dim= 5
0 -4.827705e+000 40
1 -2.268020e+000 40
2 -2.252587e+000 40
3 -2.411142e+000 40
4 -2.277086e+000 40
5 -3.518097e+000 40
6 -2.253498e+000 40
7 -2.255723e+000 40
8 -2.277454e+000 40
9 -2.283910e+000 40
10 -2.747789e+000 40
11 -2.257008e+000 40
12 -2.200461e+000 40
13 -2.208762e+000 40
14 -2.141971e+000 40
15 -2.397632e+000 40
16 -2.119958e+000 40
17 -2.083124e+000 40
18 -2.081889e+000 40
19 -2.059580e+000 40
20 -2.142017e+000 40
21 -1.977608e+000 40
22 -2.021651e+000 40
23 -1.983342e+000 40
24 -1.987144e+000 40
25 -1.966041e+000 40
26 -2.003009e+000 40
27 -2.021268e+000 40
28 -1.894509e+000 40
29 -1.939932e+000 40
30 -1.848435e+000 40
31 -2.016786e+000 40
32 -1.956849e+000 40
33 -1.870751e+000 40
34 -2.004537e+000 40
35 -1.851968e+000 40
36 -2.026308e+000 40
37 -1.909783e+000 40
38 -1.911586e+000 40
39 -1.984004e+000 40
40 -1.947176e+000 40
41 -2.030163e+000 40
42 -1.968975e+000 40
43 -1.945077e+000 40
44 -1.998961e+000 40
45 -2.001862e+000 40
46 -2.130160e+000 40
47 -2.038047e+000 40
48 -1.982849e+000 40
49 -2.028303e+000 40
50 -2.033450e+000 40
51 -2.087667e+000 40
52 -2.122885e+000 40
53 -2.002277e+000 40
54 -2.059067e+000 40
55 -2.147045e+000 40
56 -2.074421e+000 40
57 -2.140829e+000 40
58 -2.073794e+000 40
59 -2.031090e+000 40
60 -2.133278e+000 40
61 -2.056581e+000 40
62 -2.134131e+000 40
63 -2.078981e+000 40
64 -2.080718e+000 40
65 -2.147882e+000 40
66 -2.055518e+000 40
67 -2.146398e+000 40
68 -2.181224e+000 40
69 -2.097418e+000 40
70 -2.076311e+000 40
71 -2.073023e+000 40
72 -2.121856e+000 40
73 -2.206482e+000 40
74 -2.053760e+000 40
75 -2.092091e+000 40
76 -2.080758e+000 40
77 -2.016334e+000 40
78 -2.171843e+000 40
79 -2.056473e+000 40
80 -2.065859e+000 40
81 -2.000340e+000 40
82 -1.990989e+000 40
83 -2.092214e+000 40
84 -1.968237e+000 40
85 -2.058896e+000 40
86 -1.906672e+000 40
87 -1.981353e+000 40
88 -2.009860e+000 40
89 -1.924715e+000 40
90 -2.002092e+000 40
91 -1.887573e+000 40
92 -2.002606e+000 40
93 -1.909323e+000 40
94 -1.895969e+000 40
95 -1.966473e+000 40
96 -1.943092e+000 40
97 -1.975093e+000 40
98 -1.844248e+000 40
99 -1.883574e+000 40
100 -1.948764e+000 40

#epsilon= 7.265153e-004  dim= 6
0 -4.743065e+000 9
1 -2.305523e+000 9
2 -2.005625e+000 9
3 -2.461951e+000 9
4 -1.966841e+000 9
5 -3.436672e+000 9
6 -2.183128e+000 9
7 -2.059992e+000 9
8 -2.200660e+000 9
9 -1.908199e+000 9
10 -2.745214e+000 9
11 -1.967372e+000 9
12 -2.074058e+000 9
13 -2.116596e+000 9
14 -1.890459e+000 9
15 -2.375744e+000 9
16 -1.933518e+000 9
17 -1.989645e+000 9
18 -1.997205e+000 9
19 -1.865492e+000 9
20 -2.061973e+000 9
21 -1.903543e+000 9
22 -1.857005e+000 9
23 -1.898497e+000 9
24 -1.763295e+000 9
25 -1.928172e+000 9
26 -1.899534e+000 9
27 -1.788302e+000 9
28 -1.735678e+000 9
29 -1.707269e+000 9
30 -1.767802e+000 9
31 -1.958387e+000 9
32 -1.809925e+000 9
33 -1.701044e+000 9
34 -1.842443e+000 9
35 -1.720469e+000 9
36 -2.092073e+000 9
37 -1.769911e+000 9
38 -1.801711e+000 9
39 -1.747249e+000 9
40 -1.867818e+000 9
41 -2.339387e+000 9
42 -1.747497e+000 9
43 -1.786293e+000 9
44 -1.910039e+000 9
45 -1.970678e+000 9
46 -2.124102e+000 9
47 -1.786055e+000 9
48 -1.786124e+000 9
49 -1.854835e+000 9
50 -2.086996e+000 9
51 -2.025444e+000 9
52 -2.039393e+000 9
53 -1.830241e+000 9
54 -1.857847e+000 9
55 -2.091900e+000 9
56 -1.963685e+000 9
57 -2.064503e+000 9
58 -2.032631e+000 9
59 -1.969453e+000 9
60 -2.240303e+000 9
61 -1.854841e+000 9
62 -2.055312e+000 9
63 -2.146271e+000 9
64 -1.937994e+000 9
65 -2.313262e+000 9
66 -1.896291e+000 9
67 -2.171939e+000 9
68 -2.274954e+000 9
69 -2.038135e+000 9
70 -2.143817e+000 9
71 -1.894958e+000 9
72 -2.109650e+000 9
73 -2.354268e+000 9
74 -1.975463e+000 9
75 -2.047903e+000 9
76 -2.051601e+000 9
77 -2.077626e+000 9
78 -2.302430e+000 9
79 -2.022421e+000 9
80 -1.957921e+000 9
81 -2.068811e+000 9
82 -1.955161e+000 9
83 -2.276732e+000 9
84 -2.084616e+000 9
85 -1.926052e+000 9
86 -1.862554e+000 9
87 -1.907052e+000 9
88 -1.887343e+000 9
89 -1.932368e+000 9
90 -1.845175e+000 9
91 -1.808849e+000 9
92 -1.947951e+000 9
93 -1.786851e+000 9
94 -1.876167e+000 9
95 -1.858535e+000 9
96 -1.753570e+000 9
97 -1.728234e+000 9
98 -1.637390e+000 9
99 -1.849609e+000 9
100 -1.992684e+000 9

#epsilon= 7.265153e-004  dim= 7

#epsilon= 7.265153e-004  dim= 8

#epsilon= 7.265153e-004  dim= 9

#epsilon= 7.265153e-004  dim= 10

