#m=     1
  0.000204411466  14.8425436
  0.000219183567  7.65884447
  0.000235023414  5.27537489
  0.000252007972  4.08968592
  0.000270219694  3.37729788
  0.000289747812  2.90137625
  0.000310687174  2.56439614
  0.00033313944  2.31265426
  0.000357214769  2.13426042
  0.000383029605  1.99971795
  0.0004107102  1.86941791
  0.000440391013  1.76067841
  0.00047221675  1.67071605
  0.00050634268  1.59462404
  0.000542934518  1.53679931
  0.00058217108  1.48850226
  0.000624242821  1.43838978
  0.00066935498  1.39231813
  0.000717727642  1.35644054
  0.000769595674  1.32884824
  0.000825212395  1.29674423
  0.000884848065  1.26908791
  0.000948793837  1.25010967
  0.00101735978  1.22570634
  0.00109088188  1.20764625
  0.00116971717  1.19041944
  0.00125424913  1.17318714
  0.00134488998  1.15958786
  0.00144208188  1.14519429
  0.00154629687  1.13275683
  0.00165804382  1.12121689
  0.00177786569  1.10877228
  0.00190634676  1.09936512
  0.00204411359  1.08958077
  0.00219183578  1.08018601
  0.00235023419  1.07124472
  0.00252007856  1.06227028
  0.00270219846  1.05369377
  0.00289747957  1.04528904
  0.00310687022  1.03695107
  0.00333139603  1.02817082
  0.00357214781  1.01954675
  0.00383029622  1.01040435
  0.00410710042  1.00101197
  0.00440391013  0.991169095
  0.00472216774  0.980924666
  0.00506342715  0.970039427
  0.00542934565  0.95851171
  0.00582171092  0.946296036
  0.00624242844  0.933208168
  0.00669355039  0.919425666
  0.00717727654  0.904628515
  0.00769595662  0.889022946
  0.0082521243  0.87253052
  0.00884848088  0.855143666
  0.00948793814  0.836963236
  0.0101735983  0.81799835
  0.0109088197  0.798300087
  0.0116971722  0.778043449
  0.0125424918  0.757319212
  0.0134489005  0.736236274
  0.0144208195  0.714970469
  0.0154629685  0.693591893
  0.0165804382  0.672265708
  0.0177786574  0.651146531
  0.0190634727  0.630325615
  0.0204411373  0.609945953
  0.021918362  0.590120196
  0.0235023424  0.570875406
  0.0252007935  0.552275658
  0.0270219781  0.534305692
  0.0289747901  0.51703918
  0.0310687106  0.500549138
  0.0333139636  0.484877437
  0.0357214697  0.470032841
  0.0383029617  0.455982417
  0.0410710126  0.442633271
  0.0440391041  0.429889411
  0.0472216792  0.417724013
  0.0506342575  0.406166077
  0.0542934574  0.395215839
  0.0582170971  0.38481319
  0.0624242723  0.37487489
  0.066935502  0.365370512
  0.0717727691  0.356312513
  0.0769595727  0.347703308
  0.08252123  0.339533895
  0.0884848088  0.331745923
  0.0948793665  0.324289829
  0.101736017  0.317154825
  0.109088197  0.310317606
  0.116971701  0.303746492
  0.125424892  0.297443718
  0.134489015  0.29139632
  0.144208193  0.285589784
  0.154629707  0.280010074
  0.165804401  0.274644136
  0.177786604  0.26948002
  0.190634683  0.264506549


#m=     2
  0.000204411466  15.3772821
  0.000219183567  8.16983032
  0.000235023414  5.803298
  0.000252007972  4.63430738
  0.000270219694  3.91834617
  0.000289747812  3.44489527
  0.000310687174  3.13385701
  0.00033313944  2.90217829
  0.000357214769  2.77187657
  0.000383029605  2.6939981
  0.0004107102  2.56403446
  0.000440391013  2.44956732
  0.00047221675  2.36061025
  0.00050634268  2.29046583
  0.000542934518  2.26358557
  0.00058217108  2.24712205
  0.000624242821  2.1993854
  0.00066935498  2.15527654
  0.000717727642  2.13596225
  0.000769595674  2.13503027
  0.000825212395  2.10298824
  0.000884848065  2.07946873
  0.000948793837  2.08534265
  0.00101735978  2.05762196
  0.00109088188  2.05439544
  0.00116971717  2.04494047
  0.00125424913  2.02999902
  0.00134488998  2.02627182
  0.00144208188  2.01517677
  0.00154629687  2.00680995
  0.00165804382  1.99981272
  0.00177786569  1.9861809
  0.00190634676  1.98247683
  0.00204411359  1.97534573
  0.00219183578  1.96692979
  0.00235023419  1.95777583
  0.00252007856  1.94642758
  0.00270219846  1.93565094
  0.00289747957  1.92410123
  0.00310687022  1.91204774
  0.00333139603  1.8969599
  0.00357214781  1.88120294
  0.00383029622  1.86367154
  0.00410710042  1.84407353
  0.00440391013  1.82279015
  0.00472216774  1.79963887
  0.00506342715  1.77409422
  0.00542934565  1.74634397
  0.00582171092  1.71632063
  0.00624242844  1.68366396
  0.00669355039  1.64894569
  0.00717727654  1.61145556
  0.00769595662  1.57207942
  0.0082521243  1.53049767
  0.00884848088  1.48687685
  0.00948793814  1.44162261
  0.0101735983  1.39501059
  0.0109088197  1.34705734
  0.0116971722  1.29844797
  0.0125424918  1.24939406
  0.0134489005  1.20014644
  0.0144208195  1.15123439
  0.0154629685  1.10279477
  0.0165804382  1.05527389
  0.0177786574  1.00901961
  0.0190634727  0.964167237
  0.0204411373  0.921024501
  0.021918362  0.879769981
  0.0235023424  0.840367377
  0.0252007935  0.802900851
  0.0270219781  0.767233372
  0.0289747901  0.733502507
  0.0310687106  0.701859772
  0.0333139636  0.672358572
  0.0357214697  0.644950211
  0.0383029617  0.619488537
  0.0410710126  0.595674634
  0.0440391041  0.573225796
  0.0472216792  0.552062035
  0.0506342575  0.532247365
  0.0542934574  0.513780057
  0.0582170971  0.49650833
  0.0624242723  0.480196923
  0.066935502  0.464758366
  0.0717727691  0.450223446
  0.0769595727  0.4365969
  0.08252123  0.423855245
  0.0884848088  0.411852777
  0.0948793665  0.400469393
  0.101736017  0.389682621
  0.109088197  0.379439056
  0.116971701  0.36966598
  0.125424892  0.360373735
  0.134489015  0.351535022
  0.144208193  0.343119264
  0.154629707  0.335096806
  0.165804401  0.327440768
  0.177786604  0.320126802
  0.190634683  0.313132465


#m=     3
  0.000204411466  15.7815361
  0.000219183567  8.8181181
  0.000235023414  6.35212469
  0.000252007972  5.12720823
  0.000270219694  4.45513391
  0.000289747812  4.00028944
  0.000310687174  3.74285364
  0.00033313944  3.52467227
  0.000357214769  3.52963877
  0.000383029605  3.5336678
  0.0004107102  3.39017248
  0.000440391013  3.23702335
  0.00047221675  3.14141107
  0.00050634268  3.06416631
  0.000542934518  3.10842299
  0.00058217108  3.15843058
  0.000624242821  3.07483888
  0.00066935498  3.00027394
  0.000717727642  3.00019264
  0.000769595674  3.05283976
  0.000825212395  3.0073607
  0.000884848065  2.98181081
  0.000948793837  3.0375371
  0.00101735978  2.98495412
  0.00109088188  3.00340891
  0.00116971717  2.99828744
  0.00125424913  2.9699924
  0.00134488998  2.97764802
  0.00144208188  2.96415949
  0.00154629687  2.95468855
  0.00165804382  2.95243645
  0.00177786569  2.92514205
  0.00190634676  2.92754889
  0.00204411359  2.92114115
  0.00219183578  2.90740752
  0.00235023419  2.892169
  0.00252007856  2.87068415
  0.00270219846  2.85187483
  0.00289747957  2.83156848
  0.00310687022  2.81011724
  0.00333139603  2.78107452
  0.00357214781  2.75174737
  0.00383029622  2.71993041
  0.00410710042  2.68229127
  0.00440391013  2.64293289
  0.00472216774  2.60041308
  0.00506342715  2.55271196
  0.00542934565  2.50230765
  0.00582171092  2.44800043
  0.00624242844  2.38940859
  0.00669355039  2.32798958
  0.00717727654  2.26233315
  0.00769595662  2.1943481
  0.0082521243  2.1231122
  0.00884848088  2.04948521
  0.00948793814  1.97379112
  0.0101735983  1.8969053
  0.0109088197  1.81846631
  0.0116971722  1.73984051
  0.0125424918  1.66148317
  0.0134489005  1.5836221
  0.0144208195  1.50706446
  0.0154629685  1.43199229
  0.0165804382  1.35908794
  0.0177786574  1.2888366
  0.0190634727  1.22137702
  0.0204411373  1.15717781
  0.021918362  1.09643555
  0.0235023424  1.03897488
  0.0252007935  0.984887302
  0.0270219781  0.933811247
  0.0289747901  0.885936558
  0.0310687106  0.841486692
  0.0333139636  0.800519466
  0.0357214697  0.762902319
  0.0383029617  0.728338361
  0.0410710126  0.696290076
  0.0440391041  0.6662727
  0.0472216792  0.638159454
  0.0506342575  0.612060368
  0.0542934574  0.587979853
  0.0582170971  0.565667391
  0.0624242723  0.54471916
  0.066935502  0.524991155
  0.0717727691  0.506545722
  0.0769595727  0.489398092
  0.08252123  0.473514974
  0.0884848088  0.458658874
  0.0948793665  0.444637567
  0.101736017  0.431422502
  0.109088197  0.418933392
  0.116971701  0.407057762
  0.125424892  0.395820498
  0.134489015  0.385183513
  0.144208193  0.375102878
  0.154629707  0.365535975
  0.165804401  0.356444806
  0.177786604  0.347794831
  0.190634683  0.339554787


#m=     4
  0.000204411466  16.2938366
  0.000219183567  9.9945631
  0.000235023414  6.84141064
  0.000252007972  5.76908159
  0.000270219694  4.80234337
  0.000289747812  4.61233997
  0.000310687174  4.95288849
  0.00033313944  4.96429348
  0.000357214769  4.78225374
  0.000383029605  4.89454126
  0.0004107102  4.76601744
  0.000440391013  4.24620724
  0.00047221675  4.09221888
  0.00050634268  4.00920725
  0.000542934518  4.01948595
  0.00058217108  4.14343309
  0.000624242821  3.94891191
  0.00066935498  3.77284026
  0.000717727642  3.81348991
  0.000769595674  3.97807813
  0.000825212395  3.91122794
  0.000884848065  3.8817935
  0.000948793837  4.05515862
  0.00101735978  3.92068672
  0.00109088188  4.00475693
  0.00116971717  3.98752546
  0.00125424913  3.92926359
  0.00134488998  3.97948599
  0.00144208188  3.9306283
  0.00154629687  3.91098094
  0.00165804382  3.92465544
  0.00177786569  3.87234569
  0.00190634676  3.88441157
  0.00204411359  3.87706184
  0.00219183578  3.84811568
  0.00235023419  3.82342553
  0.00252007856  3.78420782
  0.00270219846  3.75407958
  0.00289747957  3.72241998
  0.00310687022  3.68738794
  0.00333139603  3.64147186
  0.00357214781  3.59780455
  0.00383029622  3.54871607
  0.00410710042  3.48752069
  0.00440391013  3.42814231
  0.00472216774  3.3629055
  0.00506342715  3.28978586
  0.00542934565  3.21417308
  0.00582171092  3.1335392
  0.00624242844  3.04703927
  0.00669355039  2.95751786
  0.00717727654  2.86210632
  0.00769595662  2.7645824
  0.0082521243  2.66282439
  0.00884848088  2.55861139
  0.00948793814  2.45206547
  0.0101735983  2.34513927
  0.0109088197  2.23658586
  0.0116971722  2.12863541
  0.0125424918  2.02201533
  0.0134489005  1.91680098
  0.0144208195  1.81399524
  0.0154629685  1.71383512
  0.0165804382  1.61721706
  0.0177786574  1.52470434
  0.0190634727  1.43642557
  0.0204411373  1.35299742
  0.021918362  1.27460706
  0.0235023424  1.20091617
  0.0252007935  1.13197875
  0.0270219781  1.06720352
  0.0289747901  1.00685799
  0.0310687106  0.951240182
  0.0333139636  0.900394738
  0.0357214697  0.854098201
  0.0383029617  0.811902344
  0.0410710126  0.773006201
  0.0440391041  0.736704946
  0.0472216792  0.702833533
  0.0506342575  0.671566784
  0.0542934574  0.642926514
  0.0582170971  0.616563797
  0.0624242723  0.591898859
  0.066935502  0.568736255
  0.0717727691  0.547180593
  0.0769595727  0.52726531
  0.08252123  0.508951962
  0.0884848088  0.491909713
  0.0948793665  0.475874037
  0.101736017  0.460814923
  0.109088197  0.446627736
  0.116971701  0.433161736
  0.125424892  0.42046088
  0.134489015  0.408478737
  0.144208193  0.397160023
  0.154629707  0.386451066
  0.165804401  0.376304239
  0.177786604  0.366676569
  0.190634683  0.357529312


#m=     5
  0.000204411466  14.3316612
  0.000219183567  7.16587973
  0.000235023414  4.77724218
  0.000252007972  3.58292747
  0.000270219694  2.86634803
  0.000289747812  4.4489851
  0.000310687174  6.14561796
  0.00033313944  5.18908834
  0.000357214769  6.25695324
  0.000383029605  6.28363848
  0.0004107102  5.87928295
  0.000440391013  5.36854506
  0.00047221675  5.22324467
  0.00050634268  4.67747402
  0.000542934518  4.46467161
  0.00058217108  4.68498516
  0.000624242821  4.26203632
  0.00066935498  4.30715609
  0.000717727642  4.43208647
  0.000769595674  4.60150909
  0.000825212395  4.58420658
  0.000884848065  4.57528257
  0.000948793837  4.90257883
  0.00101735978  4.7713089
  0.00109088188  4.99829721
  0.00116971717  4.97773266
  0.00125424913  4.87357521
  0.00134488998  5.01863384
  0.00144208188  4.92811728
  0.00154629687  4.90522861
  0.00165804382  4.92479849
  0.00177786569  4.83451271
  0.00190634676  4.86979008
  0.00204411359  4.85044527
  0.00219183578  4.79588556
  0.00235023419  4.74836445
  0.00252007856  4.6833024
  0.00270219846  4.63500834
  0.00289747957  4.59366131
  0.00310687022  4.53924847
  0.00333139603  4.46777153
  0.00357214781  4.40699863
  0.00383029622  4.33816051
  0.00410710042  4.24676752
  0.00440391013  4.16627789
  0.00472216774  4.07795763
  0.00506342715  3.97832131
  0.00542934565  3.87602115
  0.00582171092  3.76875281
  0.00624242844  3.65315223
  0.00669355039  3.53582168
  0.00717727654  3.41088796
  0.00769595662  3.28432965
  0.0082521243  3.15277028
  0.00884848088  3.01906157
  0.00948793814  2.88302946
  0.0101735983  2.74794602
  0.0109088197  2.61077881
  0.0116971722  2.47516656
  0.0125424918  2.34212899
  0.0134489005  2.21148324
  0.0144208195  2.08445454
  0.0154629685  1.96129632
  0.0165804382  1.84306955
  0.0177786574  1.73037076
  0.0190634727  1.62324226
  0.0204411373  1.52245545
  0.021918362  1.42813766
  0.0235023424  1.33981681
  0.0252007935  1.25751424
  0.0270219781  1.18041432
  0.0289747901  1.10887945
  0.0310687106  1.0433017
  0.0333139636  0.98372215
  0.0357214697  0.929819226
  0.0383029617  0.880984426
  0.0410710126  0.836151183
  0.0440391041  0.794395685
  0.0472216792  0.755524933
  0.0506342575  0.719793916
  0.0542934574  0.687251687
  0.0582170971  0.657450497
  0.0624242723  0.62962991
  0.066935502  0.603547156
  0.0717727691  0.579358637
  0.0769595727  0.557121992
  0.08252123  0.536797643
  0.0884848088  0.517959476
  0.0948793665  0.500270963
  0.101736017  0.48370415
  0.109088197  0.4681319
  0.116971701  0.45336616
  0.125424892  0.439473271
  0.134489015  0.426400214
  0.144208193  0.414081752
  0.154629707  0.402454197
  0.165804401  0.391461551
  0.177786604  0.381053388
  0.190634683  0.371184468


#m=     6
  0.00047221675  26.4907246
  0.00050634268  12.1170073
  0.000542934518  7.38541126
  0.00058217108  5.98762608
  0.000624242821  5.00337076
  0.00066935498  5.11244917
  0.000717727642  5.3258605
  0.000769595674  5.47831964
  0.000825212395  5.75550604
  0.000884848065  5.19806576
  0.000948793837  6.06284523
  0.00101735978  5.59053707
  0.00109088188  5.91583109
  0.00116971717  5.90340948
  0.00125424913  5.62698269
  0.00134488998  5.87611437
  0.00144208188  5.78922701
  0.00154629687  5.84449577
  0.00165804382  5.96717024
  0.00177786569  5.81283092
  0.00190634676  5.82459927
  0.00204411359  5.82917547
  0.00219183578  5.71146488
  0.00235023419  5.64309883
  0.00252007856  5.55761671
  0.00270219846  5.49305058
  0.00289747957  5.4607892
  0.00310687022  5.38157654
  0.00333139603  5.2839098
  0.00357214781  5.19432545
  0.00383029622  5.10703611
  0.00410710042  4.98742533
  0.00440391013  4.88555002
  0.00472216774  4.77135515
  0.00506342715  4.64275026
  0.00542934565  4.51168013
  0.00582171092  4.37797976
  0.00624242844  4.23228788
  0.00669355039  4.08716965
  0.00717727654  3.93278861
  0.00769595662  3.77644944
  0.0082521243  3.61522079
  0.00884848088  3.45211148
  0.00948793814  3.28693604
  0.0101735983  3.12423658
  0.0109088197  2.95899725
  0.0116971722  2.79653907
  0.0125424918  2.63803697
  0.0134489005  2.48313379
  0.0144208195  2.33314991
  0.0154629685  2.18825674
  0.0165804382  2.04966354
  0.0177786574  1.9180361
  0.0190634727  1.79324603
  0.0204411373  1.67622781
  0.021918362  1.56704426
  0.0235023424  1.46507061
  0.0252007935  1.37028277
  0.0270219781  1.28163588
  0.0289747901  1.19960928
  0.0310687106  1.1247189
  0.0333139636  1.05704486
  0.0357214697  0.996183932
  0.0383029617  0.941341221
  0.0410710126  0.891155481
  0.0440391041  0.844470203
  0.0472216792  0.801073015
  0.0506342575  0.761313796
  0.0542934574  0.725276768
  0.0582170971  0.692415714
  0.0624242723  0.661783934
  0.066935502  0.633094668
  0.0717727691  0.606563807
  0.0769595727  0.582277715
  0.08252123  0.560198128
  0.0884848088  0.539802074
  0.0948793665  0.520680368
  0.101736017  0.502809465
  0.109088197  0.48604095
  0.116971701  0.470149964
  0.125424892  0.455227911
  0.134489015  0.441216022
  0.144208193  0.428040087
  0.154629707  0.415627271
  0.165804401  0.403913736
  0.177786604  0.392842263
  0.190634683  0.38236165


#m=     7
  0.00050634268  19.8679047
  0.000542934518  8.32587147
  0.00058217108  5.26639748
  0.000624242821  3.85121632
  0.00066935498  4.33900642
  0.000717727642  3.33063459
  0.000769595674  3.49872947
  0.000825212395  4.61337471
  0.000884848065  4.34235239
  0.000948793837  6.59236145
  0.00101735978  6.30958319
  0.00109088188  6.46298838
  0.00116971717  6.29986286
  0.00125424913  6.24129581
  0.00134488998  6.55627441
  0.00144208188  6.543015
  0.00154629687  6.84101295
  0.00165804382  7.05509233
  0.00177786569  6.87005806
  0.00190634676  6.78000641
  0.00204411359  6.79512453
  0.00219183578  6.62200403
  0.00235023419  6.52246618
  0.00252007856  6.38293076
  0.00270219846  6.30202723
  0.00289747957  6.29707193
  0.00310687022  6.18282318
  0.00333139603  6.06451082
  0.00357214781  5.94970369
  0.00383029622  5.85780573
  0.00410710042  5.70693445
  0.00440391013  5.58422852
  0.00472216774  5.4444108
  0.00506342715  5.28579473
  0.00542934565  5.12342405
  0.00582171092  4.96349621
  0.00624242844  4.78715181
  0.00669355039  4.61495924
  0.00717727654  4.43094015
  0.00769595662  4.24505043
  0.0082521243  4.05473995
  0.00884848088  3.86259341
  0.00948793814  3.66852045
  0.0101735983  3.47885227
  0.0109088197  3.28601146
  0.0116971722  3.09678411
  0.0125424918  2.91325164
  0.0134489005  2.73446631
  0.0144208195  2.562186
  0.0154629685  2.39629316
  0.0165804382  2.23834276
  0.0177786574  2.0890336
  0.0190634727  1.94789159
  0.0204411373  1.81594992
  0.021918362  1.69308662
  0.0235023424  1.57851756
  0.0252007935  1.4721899
  0.0270219781  1.37284636
  0.0289747901  1.28111553
  0.0310687106  1.19764376
  0.0333139636  1.12255621
  0.0357214697  1.05536604
  0.0383029617  0.995085895
  0.0410710126  0.940051675
  0.0440391041  0.888875723
  0.0472216792  0.841338634
  0.0506342575  0.797902644
  0.0542934574  0.758695364
  0.0582170971  0.723072112
  0.0624242723  0.689897656
  0.066935502  0.658843577
  0.0717727691  0.630192757
  0.0769595727  0.604064286
  0.08252123  0.580423534
  0.0884848088  0.558649182
  0.0948793665  0.538258791
  0.101736017  0.51923573
  0.109088197  0.50141114
  0.116971701  0.484524012
  0.125424892  0.468692541
  0.134489015  0.453853399
  0.144208193  0.439924002
  0.154629707  0.42682299
  0.165804401  0.414479285
  0.177786604  0.402829379
  0.190634683  0.391816616


#m=     8
  0.000884848065  14.3317595
  0.000948793837  15.2439117
  0.00101735978  10.6386585
  0.00109088188  9.52562237
  0.00116971717  8.07179451
  0.00125424913  7.66819954
  0.00134488998  7.47452688
  0.00144208188  6.53674793
  0.00154629687  8.16700649
  0.00165804382  8.20480156
  0.00177786569  8.07616329
  0.00190634676  7.91286469
  0.00204411359  7.98919392
  0.00219183578  7.68400383
  0.00235023419  7.43959951
  0.00252007856  7.16678333
  0.00270219846  7.11516285
  0.00289747957  7.13816595
  0.00310687022  6.94643354
  0.00333139603  6.80064917
  0.00357214781  6.68230629
  0.00383029622  6.59583569
  0.00410710042  6.40606403
  0.00440391013  6.25134993
  0.00472216774  6.08244324
  0.00506342715  5.89387512
  0.00542934565  5.70339632
  0.00582171092  5.51813841
  0.00624242844  5.31121874
  0.00669355039  5.11292601
  0.00717727654  4.89972544
  0.00769595662  4.68437433
  0.0082521243  4.46587133
  0.00884848088  4.24607229
  0.00948793814  4.02443075
  0.0101735983  3.80968165
  0.0109088197  3.59104037
  0.0116971722  3.37644696
  0.0125424918  3.16931248
  0.0134489005  2.96801233
  0.0144208195  2.77464175
  0.0154629685  2.58916855
  0.0165804382  2.4132638
  0.0177786574  2.24773955
  0.0190634727  2.09166646
  0.0204411373  1.94610798
  0.021918362  1.81068301
  0.0235023424  1.68440831
  0.0252007935  1.5672636
  0.0270219781  1.45778072
  0.0289747901  1.35680723
  0.0310687106  1.26516187
  0.0333139636  1.18304491
  0.0357214697  1.10987568
  0.0383029617  1.04446959
  0.0410710126  0.984874427
  0.0440391041  0.929474056
  0.0472216792  0.878042936
  0.0506342575  0.831160486
  0.0542934574  0.788999736
  0.0582170971  0.750815272
  0.0624242723  0.715278327
  0.066935502  0.682021618
  0.0717727691  0.651400328
  0.0769595727  0.623569906
  0.08252123  0.598500371
  0.0884848088  0.575470507
  0.0948793665  0.553923786
  0.101736017  0.53385216
  0.109088197  0.51506716
  0.116971701  0.497271329
  0.125424892  0.480611801
  0.134489015  0.465021282
  0.144208193  0.450409323
  0.154629707  0.436686099
  0.165804401  0.423774034
  0.177786604  0.411603451
  0.190634683  0.400112569


#m=     9
  0.00134488998  19.8680325
  0.00144208188  10.1641378
  0.00154629687  13.6753702
  0.00165804382  10.2077236
  0.00177786569  10.1547976
  0.00190634676  9.61315441
  0.00204411359  9.68201828
  0.00219183578  8.98736
  0.00235023419  8.70335579
  0.00252007856  8.34457779
  0.00270219846  8.21363926
  0.00289747957  8.1403141
  0.00310687022  7.77659225
  0.00333139603  7.60576105
  0.00357214781  7.44846964
  0.00383029622  7.35713768
  0.00410710042  7.11687565
  0.00440391013  6.9149518
  0.00472216774  6.72530174
  0.00506342715  6.49621582
  0.00542934565  6.2703476
  0.00582171092  6.05509281
  0.00624242844  5.81516314
  0.00669355039  5.59001493
  0.00717727654  5.34744549
  0.00769595662  5.10148478
  0.0082521243  4.85461617
  0.00884848088  4.60825205
  0.00948793814  4.35962868
  0.0101735983  4.12038803
  0.0109088197  3.87627459
  0.0116971722  3.63699913
  0.0125424918  3.40701699
  0.0134489005  3.18403435
  0.0144208195  2.97035933
  0.0154629685  2.76634884
  0.0165804382  2.57348967
  0.0177786574  2.39283562
  0.0190634727  2.22284865
  0.0204411373  2.06469369
  0.021918362  1.91771555
  0.0235023424  1.78071034
  0.0252007935  1.65367985
  0.0270219781  1.53490603
  0.0289747901  1.42544055
  0.0310687106  1.32629919
  0.0333139636  1.23777187
  0.0357214697  1.15918505
  0.0383029617  1.08914948
  0.0410710126  1.02542222
  0.0440391041  0.966161132
  0.0472216792  0.911148131
  0.0506342575  0.861091197
  0.0542934574  0.816209435
  0.0582170971  0.775646925
  0.0624242723  0.737901866
  0.066935502  0.702609897
  0.0717727691  0.670184255
  0.0769595727  0.640807986
  0.08252123  0.61445576
  0.0884848088  0.590303957
  0.0948793665  0.567722201
  0.101736017  0.546712935
  0.109088197  0.527068734
  0.116971701  0.508456588
  0.125424892  0.491053909
  0.134489015  0.474790424
  0.144208193  0.459568381
  0.154629707  0.445290327
  0.165804401  0.431872219
  0.177786604  0.419238985
  0.190634683  0.407323986


#m=    10
  0.00134488998  14.3317595
  0.00144208188  7.16585493
  0.00154629687  17.9500122
  0.00165804382  9.76383686
  0.00177786569  11.9369297
  0.00190634676  10.4802876
  0.00204411359  10.9120016
  0.00219183578  10.4418707
  0.00235023419  10.1404295
  0.00252007856  9.82999706
  0.00270219846  9.41557693
  0.00289747957  9.09071255
  0.00310687022  8.58715248
  0.00333139603  8.40113163
  0.00357214781  8.18924809
  0.00383029622  8.12409115
  0.00410710042  7.83876371
  0.00440391013  7.56622601
  0.00472216774  7.34846735
  0.00506342715  7.08673286
  0.00542934565  6.81816626
  0.00582171092  6.57106686
  0.00624242844  6.29916859
  0.00669355039  6.04881144
  0.00717727654  5.77822113
  0.00769595662  5.50221491
  0.0082521243  5.22990227
  0.00884848088  4.95889902
  0.00948793814  4.68434572
  0.0101735983  4.42173481
  0.0109088197  4.15279341
  0.0116971722  3.88944745
  0.0125424918  3.63738894
  0.0134489005  3.39313745
  0.0144208195  3.15951586
  0.0154629685  2.93721199
  0.0165804382  2.72756076
  0.0177786574  2.53194284
  0.0190634727  2.3482914
  0.0204411373  2.17786264
  0.021918362  2.01970625
  0.0235023424  1.87229168
  0.0252007935  1.73569226
  0.0270219781  1.60792482
  0.0289747901  1.49025023
  0.0310687106  1.38386905
  0.0333139636  1.28918874
  0.0357214697  1.20544875
  0.0383029617  1.13104248
  0.0410710126  1.06341767
  0.0440391041  1.00049651
  0.0472216792  0.942073524
  0.0506342575  0.888996184
  0.0542934574  0.841535211
  0.0582170971  0.798723221
  0.0624242723  0.758883238
  0.066935502  0.721657813
  0.0717727691  0.687521935
  0.0769595727  0.656688452
  0.08252123  0.629137158
  0.0884848088  0.603940725
  0.0948793665  0.580394089
  0.101736017  0.558511376
  0.109088197  0.538066864
  0.116971701  0.518691838
  0.125424892  0.500595748
  0.134489015  0.483705312
  0.144208193  0.467915982
  0.154629707  0.453122944
  0.165804401  0.439236075
  0.177786604  0.426174879
  0.190634683  0.413868189


