#m=     1
  0.000189888291  14.8285437
  0.000203611038  7.67697906
  0.000218325295  5.29388237
  0.000234103121  4.10447598
  0.000251021178  3.39513946
  0.000269161595  2.92211103
  0.000288613228  2.58842969
  0.000309470604  2.33806968
  0.000331834948  2.14448309
  0.000355815835  1.98982596
  0.000381529768  1.86517513
  0.00040910198  1.76180124
  0.000438666553  1.67546737
  0.000470367668  1.6025877
  0.000504359952  1.53963399
  0.000540808542  1.4852097
  0.000579891435  1.43822587
  0.000621798448  1.39681339
  0.000666734006  1.36090231
  0.000714917202  1.32845592
  0.000766582147  1.29959834
  0.000821981113  1.27375388
  0.000881383196  1.25002778
  0.000945078616  1.2288841
  0.0010133771  1.20983601
  0.00108660979  1.19241142
  0.00116513693  1.17665756
  0.00124933792  1.16202593
  0.00133962382  1.14891374
  0.00143643504  1.13661015
  0.00154024188  1.12490714
  0.00165155064  1.11455452
  0.00177090405  1.10478342
  0.00189888291  1.09586346
  0.0020361105  1.0870961
  0.00218325411  1.07882905
  0.00234103133  1.07103789
  0.00251021073  1.06349885
  0.00269161724  1.05627942
  0.00288613234  1.04915929
  0.00309470599  1.04211032
  0.00331835123  1.03509188
  0.00355815864  1.02819061
  0.00381529774  1.02095866
  0.00409101788  1.01365077
  0.00438666577  1.00612938
  0.00470367679  0.998260498
  0.00504359975  0.989916325
  0.00540808588  0.981196344
  0.00579891214  0.971736431
  0.00621798495  0.961761713
  0.00666734017  0.951063216
  0.00714917202  0.939570725
  0.00766582135  0.927306235
  0.00821981113  0.914043069
  0.00881383289  0.899856448
  0.00945078209  0.884754241
  0.0101337712  0.868705451
  0.0108660981  0.851697206
  0.0116513697  0.833820283
  0.0124933794  0.815052092
  0.013396238  0.7955423
  0.0143643515  0.775452852
  0.0154024195  0.754852474
  0.0165155064  0.733913958
  0.017709041  0.712740958
  0.0189888291  0.691446126
  0.0203611013  0.670189142
  0.0218325406  0.649098337
  0.0234103091  0.628276706
  0.0251021124  0.607884765
  0.0269161686  0.588021755
  0.0288613327  0.568768144
  0.0309470613  0.550164342
  0.0331835151  0.532239854
  0.035581585  0.515002429
  0.0381529778  0.498478621
  0.0409101918  0.482720494
  0.0438666493  0.467761278
  0.0470367707  0.453569442
  0.0504359901  0.44006601
  0.0540808588  0.42721507
  0.0579891354  0.4150078
  0.0621798523  0.403429508
  0.0666734204  0.392467886
  0.0714917108  0.382083476
  0.0766582191  0.372218341
  0.0821980983  0.362835377
  0.088138327  0.353894383
  0.0945078433  0.345380962
  0.101337694  0.337286294
  0.108661011  0.329554528
  0.116513699  0.322152436
  0.124933794  0.315071672
  0.133962393  0.308294475
  0.143643498  0.301802367
  0.154024199  0.295578003
  0.165155098  0.28960523
  0.177090392  0.283868998


#m=     2
  0.000189888291  15.3362894
  0.000203611038  8.19481564
  0.000218325295  5.81670094
  0.000234103121  4.63670874
  0.000251021178  3.95164967
  0.000269161595  3.50649953
  0.000288613228  3.21131468
  0.000309470604  2.97069526
  0.000331834948  2.79704785
  0.000355815835  2.65943503
  0.000381529768  2.5490756
  0.00040910198  2.46033025
  0.000438666553  2.38981533
  0.000470367668  2.33024693
  0.000504359952  2.28329468
  0.000540808542  2.24152517
  0.000579891435  2.20690298
  0.000621798448  2.17714906
  0.000666734006  2.15611649
  0.000714917202  2.13403845
  0.000766582147  2.11590385
  0.000821981113  2.10130477
  0.000881383196  2.08649349
  0.000945078616  2.07179666
  0.0010133771  2.06010604
  0.00108660979  2.05024624
  0.00116513693  2.04250598
  0.00124933792  2.03446698
  0.00133962382  2.02869701
  0.00143643504  2.02284622
  0.00154024188  2.0150106
  0.00165155064  2.00931525
  0.00177090405  2.00332761
  0.00189888291  1.99845767
  0.0020361105  1.99106157
  0.00218325411  1.98423278
  0.00234103133  1.97740924
  0.00251021073  1.97009027
  0.00269161724  1.96197784
  0.00288613234  1.95417333
  0.00309470599  1.94550455
  0.00331835123  1.935709
  0.00355815864  1.92466319
  0.00381529774  1.91217291
  0.00409101788  1.89918911
  0.00438666577  1.88463843
  0.00470367679  1.86847389
  0.00504359975  1.84997082
  0.00540808588  1.82993519
  0.00579891214  1.8069582
  0.00621798495  1.7825036
  0.00666734017  1.75543177
  0.00714917202  1.72594225
  0.00766582135  1.69415247
  0.00821981113  1.65956724
  0.00881383289  1.62258816
  0.00945078209  1.58319521
  0.0101337712  1.54169345
  0.0108660981  1.49790692
  0.0116513697  1.4523865
  0.0124933794  1.40511203
  0.013396238  1.35657406
  0.0143643515  1.30732441
  0.0154024195  1.25751805
  0.0165155064  1.20770812
  0.017709041  1.15810061
  0.0189888291  1.10896409
  0.0203611013  1.060691
  0.0218325406  1.01362562
  0.0234103091  0.967927158
  0.0251021124  0.92396456
  0.0269161686  0.881916165
  0.0288613327  0.841897845
  0.0309470613  0.803921938
  0.0331835151  0.767970562
  0.035581585  0.733967364
  0.0381529778  0.701903462
  0.0409101918  0.671848476
  0.0438666493  0.643831074
  0.0470367707  0.617722213
  0.0504359901  0.593275845
  0.0540808588  0.57036984
  0.0579891354  0.54895252
  0.0621798523  0.528962493
  0.0666734204  0.510350108
  0.0714917108  0.492998064
  0.0766582191  0.476747721
  0.0821980983  0.461499006
  0.088138327  0.447147161
  0.0945078433  0.433655262
  0.101337694  0.421000659
  0.108661011  0.409044564
  0.116513699  0.39770776
  0.124933794  0.386972815
  0.133962393  0.376799881
  0.143643498  0.367147267
  0.154024199  0.357976764
  0.165155098  0.349253178
  0.177090392  0.340944648


#m=     3
  0.000189888291  15.7442913
  0.000203611038  8.70608044
  0.000218325295  6.45133877
  0.000234103121  5.2594347
  0.000251021178  4.60545921
  0.000269161595  4.18987656
  0.000288613228  4.01988602
  0.000309470604  3.79926944
  0.000331834948  3.63110352
  0.000355815835  3.49080753
  0.000381529768  3.36535382
  0.00040910198  3.32742763
  0.000438666553  3.29909205
  0.000470367668  3.2169919
  0.000504359952  3.16878533
  0.000540808542  3.14017034
  0.000579891435  3.13543391
  0.000621798448  3.1273098
  0.000666734006  3.11221528
  0.000714917202  3.09443784
  0.000766582147  3.06023288
  0.000821981113  3.03797936
  0.000881383196  3.0240941
  0.000945078616  3.00993323
  0.0010133771  2.99431014
  0.00108660979  2.99887824
  0.00116513693  2.99679637
  0.00124933792  2.99323273
  0.00133962382  2.99652171
  0.00143643504  2.99580884
  0.00154024188  2.98195052
  0.00165155064  2.97274423
  0.00177090405  2.9681344
  0.00189888291  2.96683192
  0.0020361105  2.95315671
  0.00218325411  2.94018984
  0.00234103133  2.92786312
  0.00251021073  2.91409731
  0.00269161724  2.90135479
  0.00288613234  2.88835526
  0.00309470599  2.87471294
  0.00331835123  2.85685873
  0.00355815864  2.83673143
  0.00381529774  2.81375051
  0.00409101788  2.79013276
  0.00438666577  2.76379323
  0.00470367679  2.73406959
  0.00504359975  2.69999814
  0.00540808588  2.66308403
  0.00579891214  2.62008357
  0.00621798495  2.57636333
  0.00666734017  2.52745342
  0.00714917202  2.47415209
  0.00766582135  2.41684484
  0.00821981113  2.35546064
  0.00881383289  2.29051471
  0.00945078209  2.22195458
  0.0101337712  2.15067625
  0.0108660981  2.07611346
  0.0116513697  1.9995079
  0.0124933794  1.92079067
  0.013396238  1.84084713
  0.0143643515  1.76064348
  0.0154024195  1.68045461
  0.0165155064  1.60120511
  0.017709041  1.52306926
  0.0189888291  1.44644511
  0.0203611013  1.37190568
  0.0218325406  1.29994929
  0.0234103091  1.23071992
  0.0251021124  1.16477871
  0.0269161686  1.10235226
  0.0288613327  1.04356039
  0.0309470613  0.988349855
  0.0331835151  0.936604738
  0.035581585  0.888109684
  0.0381529778  0.842810869
  0.0409101918  0.800776303
  0.0438666493  0.762016952
  0.0470367707  0.726279259
  0.0504359901  0.693115354
  0.0540808588  0.662307918
  0.0579891354  0.633762717
  0.0621798523  0.607370079
  0.0666734204  0.583044887
  0.0714917108  0.56058681
  0.0766582191  0.539729238
  0.0821980983  0.52030921
  0.088138327  0.502157569
  0.0945078433  0.485220283
  0.101337694  0.469466984
  0.108661011  0.454672933
  0.116513699  0.440715075
  0.124933794  0.427572846
  0.133962393  0.415187806
  0.143643498  0.403498828
  0.154024199  0.392449826
  0.165155098  0.381989747
  0.177090392  0.372072756


#m=     4
  0.000189888291  15.990097
  0.000203611038  8.62812519
  0.000218325295  6.09735346
  0.000234103121  4.78875732
  0.000251021178  5.4412365
  0.000269161595  4.95691681
  0.000288613228  6.13187361
  0.000309470604  4.87231159
  0.000331834948  4.41051674
  0.000355815835  4.39711237
  0.000381529768  4.49256706
  0.00040910198  4.11373377
  0.000438666553  4.09046936
  0.000470367668  3.84008932
  0.000504359952  3.69184589
  0.000540808542  3.82967901
  0.000579891435  4.09518051
  0.000621798448  4.11299944
  0.000666734006  4.13836575
  0.000714917202  4.11002064
  0.000766582147  4.06628513
  0.000821981113  3.98772645
  0.000881383196  3.91479659
  0.000945078616  3.85924077
  0.0010133771  3.82089233
  0.00108660979  3.87795925
  0.00116513693  3.89651132
  0.00124933792  3.90193748
  0.00133962382  3.94595313
  0.00143643504  3.94411063
  0.00154024188  3.91724968
  0.00165155064  3.89198565
  0.00177090405  3.88624263
  0.00189888291  3.89555955
  0.0020361105  3.87773919
  0.00218325411  3.85838914
  0.00234103133  3.8376987
  0.00251021073  3.83222175
  0.00269161724  3.82514691
  0.00288613234  3.80695939
  0.00309470599  3.79429793
  0.00331835123  3.76226854
  0.00355815864  3.73299837
  0.00381529774  3.69647908
  0.00409101788  3.65799236
  0.00438666577  3.61924481
  0.00470367679  3.57387257
  0.00504359975  3.52074742
  0.00540808588  3.46461344
  0.00579891214  3.39815187
  0.00621798495  3.33340359
  0.00666734017  3.2600081
  0.00714917202  3.17979169
  0.00766582135  3.09388423
  0.00821981113  3.00371027
  0.00881383289  2.90891147
  0.00945078209  2.80968928
  0.0101337712  2.70782447
  0.0108660981  2.60196519
  0.0116513697  2.49404716
  0.0124933794  2.38409281
  0.013396238  2.27336287
  0.0143643515  2.16307163
  0.0154024195  2.05362868
  0.0165155064  1.94640124
  0.017709041  1.84132981
  0.0189888291  1.73895431
  0.0203611013  1.63993299
  0.0218325406  1.54488659
  0.0234103091  1.45386171
  0.0251021124  1.36765599
  0.0269161686  1.28653562
  0.0288613327  1.21063364
  0.0309470613  1.13980591
  0.0331835151  1.07384527
  0.035581585  1.01237702
  0.0381529778  0.955304205
  0.0409101918  0.902702034
  0.0438666493  0.854564309
  0.0470367707  0.810500443
  0.0504359901  0.76984334
  0.0540808588  0.732276559
  0.0579891354  0.6976735
  0.0621798523  0.665905774
  0.0666734204  0.636861384
  0.0714917108  0.610245287
  0.0766582191  0.585674345
  0.0821980983  0.562922418
  0.088138327  0.541757047
  0.0945078433  0.522112429
  0.101337694  0.503955364
  0.108661011  0.48697415
  0.116513699  0.47100395
  0.124933794  0.4560256
  0.133962393  0.441964924
  0.143643498  0.42874372
  0.154024199  0.416290283
  0.165155098  0.404539764
  0.177090392  0.393434376


#m=     5
  0.000269161595  14.3318577
  0.000288613228  7.16587973
  0.000309470604  4.77724218
  0.000331834948  3.58293986
  0.000355815835  5.26640415
  0.000381529768  5.43622971
  0.00040910198  5.03526258
  0.000438666553  5.26976538
  0.000470367668  4.39916086
  0.000504359952  4.59116602
  0.000540808542  5.48641443
  0.000579891435  6.73222113
  0.000621798448  5.96001482
  0.000666734006  5.23578024
  0.000714917202  5.49348688
  0.000766582147  5.21806288
  0.000821981113  4.89314318
  0.000881383196  4.70590496
  0.000945078616  4.73855448
  0.0010133771  4.73906136
  0.00108660979  4.65441322
  0.00116513693  4.81910276
  0.00124933792  4.77304077
  0.00133962382  4.88725805
  0.00143643504  4.89625311
  0.00154024188  4.83228111
  0.00165155064  4.81526947
  0.00177090405  4.81803513
  0.00189888291  4.84752417
  0.0020361105  4.79540348
  0.00218325411  4.77220345
  0.00234103133  4.73245764
  0.00251021073  4.7490716
  0.00269161724  4.75513029
  0.00288613234  4.72646427
  0.00309470599  4.71529388
  0.00331835123  4.65566969
  0.00355815864  4.6110363
  0.00381529774  4.5645895
  0.00409101788  4.50782299
  0.00438666577  4.4572444
  0.00470367679  4.39004755
  0.00504359975  4.31783533
  0.00540808588  4.23870611
  0.00579891214  4.14440107
  0.00621798495  4.05753279
  0.00666734017  3.95926404
  0.00714917202  3.85099888
  0.00766582135  3.7343154
  0.00821981113  3.61506081
  0.00881383289  3.49015522
  0.00945078209  3.36017203
  0.0101337712  3.2277832
  0.0108660981  3.091043
  0.0116513697  2.9525013
  0.0124933794  2.8120141
  0.013396238  2.67157316
  0.0143643515  2.53230476
  0.0154024195  2.39496279
  0.0165155064  2.26122189
  0.017709041  2.13071227
  0.0189888291  2.00400209
  0.0203611013  1.88190818
  0.0218325406  1.76502907
  0.0234103091  1.65336776
  0.0251021124  1.54796886
  0.0269161686  1.44921434
  0.0288613327  1.35725999
  0.0309470613  1.27187586
  0.0331835151  1.19278038
  0.035581585  1.11937714
  0.0381529778  1.05151665
  0.0409101918  0.98928076
  0.0438666493  0.932651758
  0.0470367707  0.881097376
  0.0504359901  0.833722472
  0.0540808588  0.790116131
  0.0579891354  0.750128567
  0.0621798523  0.713620603
  0.0666734204  0.680458903
  0.0714917108  0.650251031
  0.0766582191  0.622495115
  0.0821980983  0.596903324
  0.088138327  0.57318145
  0.0945078433  0.551255941
  0.101337694  0.531094611
  0.108661011  0.512297928
  0.116513699  0.494660556
  0.124933794  0.478167921
  0.133962393  0.462732285
  0.143643498  0.448259771
  0.154024199  0.434664786
  0.165155098  0.421870053
  0.177090392  0.409806997


#m=     6
  0.000579891435  19.8678894
  0.000621798448  8.32586956
  0.000666734006  5.26640987
  0.000714917202  8.22078037
  0.000766582147  6.84288406
  0.000821981113  5.17631531
  0.000881383196  5.74184847
  0.000945078616  6.59584808
  0.0010133771  7.52097654
  0.00108660979  6.89110947
  0.00116513693  6.72728586
  0.00124933792  6.52521181
  0.00133962382  6.72448683
  0.00143643504  6.40964556
  0.00154024188  5.88686371
  0.00165155064  5.84076166
  0.00177090405  5.85432434
  0.00189888291  6.01476526
  0.0020361105  5.84471178
  0.00218325411  5.77006626
  0.00234103133  5.65505838
  0.00251021073  5.66354609
  0.00269161724  5.66921806
  0.00288613234  5.63599348
  0.00309470599  5.60819674
  0.00331835123  5.53068018
  0.00355815864  5.46636772
  0.00381529774  5.41827869
  0.00409101788  5.33846855
  0.00438666577  5.28673553
  0.00470367679  5.18987846
  0.00504359975  5.09413147
  0.00540808588  4.9891758
  0.00579891214  4.86120129
  0.00621798495  4.75271893
  0.00666734017  4.628654
  0.00714917202  4.49239731
  0.00766582135  4.34397173
  0.00821981113  4.19629049
  0.00881383289  4.04182529
  0.00945078209  3.88058996
  0.0101337712  3.71846247
  0.0108660981  3.55102348
  0.0116513697  3.38251805
  0.0124933794  3.2120316
  0.013396238  3.04298806
  0.0143643515  2.87612724
  0.0154024195  2.71229625
  0.0165155064  2.55342722
  0.017709041  2.39907813
  0.0189888291  2.24953198
  0.0203611013  2.10577345
  0.0218325406  1.96833992
  0.0234103091  1.83722746
  0.0251021124  1.71364164
  0.0269161686  1.59810126
  0.0288613327  1.49088025
  0.0309470613  1.39166272
  0.0331835151  1.30012846
  0.035581585  1.21545231
  0.0381529778  1.13743699
  0.0409101918  1.06617844
  0.0438666493  1.0016427
  0.0470367707  0.943149626
  0.0504359901  0.889566004
  0.0540808588  0.84038949
  0.0579891354  0.795455039
  0.0621798523  0.754619896
  0.0666734204  0.717732489
  0.0714917108  0.684301496
  0.0766582191  0.653703332
  0.0821980983  0.625589848
  0.088138327  0.599605799
  0.0945078433  0.575673223
  0.101337694  0.553763866
  0.108661011  0.533388913
  0.116513699  0.514303565
  0.124933794  0.496500432
  0.133962393  0.479879647
  0.143643498  0.464332759
  0.154024199  0.449761271
  0.165155098  0.436076313
  0.177090392  0.423199534


#m=     7
  0.0010133771  19.8679066
  0.00108660979  15.1924791
  0.00116513693  8.42910957
  0.00124933792  8.24890327
  0.00133962382  8.68953991
  0.00143643504  7.7432332
  0.00154024188  6.82492447
  0.00165155064  7.21916914
  0.00177090405  6.93382072
  0.00189888291  6.96684122
  0.0020361105  6.77103567
  0.00218325411  6.86273527
  0.00234103133  6.68300629
  0.00251021073  6.67194653
  0.00269161724  6.65215158
  0.00288613234  6.62318277
  0.00309470599  6.53344727
  0.00331835123  6.36931324
  0.00355815864  6.27972507
  0.00381529774  6.23571634
  0.00409101788  6.12102509
  0.00438666577  6.08753681
  0.00470367679  5.96038818
  0.00504359975  5.8489337
  0.00540808588  5.71835947
  0.00579891214  5.55538034
  0.00621798495  5.4181304
  0.00666734017  5.26770401
  0.00714917202  5.10262394
  0.00766582135  4.92110157
  0.00821981113  4.74497318
  0.00881383289  4.55943584
  0.00945078209  4.36836338
  0.0101337712  4.17789268
  0.0108660981  3.98140121
  0.0116513697  3.78496122
  0.0124933794  3.58652878
  0.013396238  3.39084363
  0.0143643515  3.19803548
  0.0154024195  3.00956154
  0.0165155064  2.82708883
  0.017709041  2.65031576
  0.0189888291  2.4793241
  0.0203611013  2.31516266
  0.0218325406  2.15829134
  0.0234103091  2.00873876
  0.0251021124  1.86787844
  0.0269161686  1.73639166
  0.0288613327  1.61469531
  0.0309470613  1.5023607
  0.0331835151  1.39902461
  0.035581585  1.30361521
  0.0381529778  1.21592236
  0.0409101918  1.13609123
  0.0438666493  1.06408656
  0.0470367707  0.999075055
  0.0504359901  0.939669311
  0.0540808588  0.885276735
  0.0579891354  0.8357234
  0.0621798523  0.790869117
  0.0666734204  0.750547707
  0.0714917108  0.714167178
  0.0766582191  0.680979967
  0.0821980983  0.650578797
  0.088138327  0.622547805
  0.0945078433  0.596807718
  0.101337694  0.573336482
  0.108661011  0.551554978
  0.116513699  0.531179667
  0.124933794  0.512212455
  0.133962393  0.494542271
  0.143643498  0.478047252
  0.154024199  0.462616593
  0.165155098  0.448150784
  0.177090392  0.434562147


#m=     8
  0.00116513693  14.331563
  0.00124933792  11.7343206
  0.00133962382  10.7593842
  0.00143643504  8.38054466
  0.00154024188  6.98576212
  0.00165155064  7.44318485
  0.00177090405  7.2779355
  0.00189888291  7.52684116
  0.0020361105  7.41579723
  0.00218325411  7.88484764
  0.00234103133  7.75055933
  0.00251021073  7.77190876
  0.00269161724  7.71345043
  0.00288613234  7.7972126
  0.00309470599  7.54937887
  0.00331835123  7.27040529
  0.00355815864  7.1949873
  0.00381529774  7.12428904
  0.00409101788  6.93268251
  0.00438666577  6.90548182
  0.00470367679  6.72537661
  0.00504359975  6.57013512
  0.00540808588  6.4068923
  0.00579891214  6.21041632
  0.00621798495  6.03997517
  0.00666734017  5.86656237
  0.00714917202  5.67384577
  0.00766582135  5.45768642
  0.00821981113  5.25115824
  0.00881383289  5.03550529
  0.00945078209  4.81592846
  0.0101337712  4.59953022
  0.0108660981  4.37716055
  0.0116513697  4.15640831
  0.0124933794  3.93333578
  0.013396238  3.71421003
  0.0143643515  3.49824238
  0.0154024195  3.28747153
  0.0165155064  3.08357668
  0.017709041  2.8862536
  0.0189888291  2.69531822
  0.0203611013  2.51205158
  0.0218325406  2.33693075
  0.0234103091  2.16999722
  0.0251021124  2.01284742
  0.0269161686  1.86629486
  0.0288613327  1.73088491
  0.0309470613  1.60608566
  0.0331835151  1.49150598
  0.035581585  1.38582027
  0.0381529778  1.28883457
  0.0409101918  1.20076132
  0.0438666493  1.12159014
  0.0470367707  1.05035377
  0.0504359901  0.985418499
  0.0540808588  0.926087677
  0.0579891354  0.872173727
  0.0621798523  0.823542833
  0.0666734204  0.780017138
  0.0714917108  0.740901709
  0.0766582191  0.705323219
  0.0821980983  0.672815919
  0.088138327  0.642904878
  0.0945078433  0.615511179
  0.101337694  0.590621352
  0.108661011  0.567564905
  0.116513699  0.546020269
  0.124933794  0.526000261
  0.133962393  0.507383764
  0.143643498  0.49003613
  0.154024199  0.473835021
  0.165155098  0.458670616
  0.177090392  0.444446653


#m=     9
  0.00133962382  19.8680248
  0.00143643504  13.2452993
  0.00154024188  9.28552437
  0.00165155064  7.07181406
  0.00177090405  7.02765465
  0.00189888291  6.43405724
  0.0020361105  7.15545273
  0.00218325411  9.05311584
  0.00234103133  8.62788296
  0.00251021073  8.34308338
  0.00269161724  8.42097378
  0.00288613234  8.54536343
  0.00309470599  8.30517673
  0.00331835123  8.02289772
  0.00355815864  8.07464409
  0.00381529774  7.97349024
  0.00409101788  7.68978977
  0.00438666577  7.716784
  0.00470367679  7.46376801
  0.00504359975  7.25573254
  0.00540808588  7.06045532
  0.00579891214  6.8376255
  0.00621798495  6.62254333
  0.00666734017  6.42206907
  0.00714917202  6.2012701
  0.00766582135  5.95109129
  0.00821981113  5.71828556
  0.00881383289  5.47315073
  0.00945078209  5.22711706
  0.0101337712  4.98726511
  0.0108660981  4.74125481
  0.0116513697  4.499825
  0.0124933794  4.25637007
  0.013396238  4.01723051
  0.0143643515  3.78122616
  0.0154024195  3.55103326
  0.0165155064  3.32798243
  0.017709041  3.11186838
  0.0189888291  2.90210223
  0.0203611013  2.70052147
  0.0218325406  2.50773525
  0.0234103091  2.32392764
  0.0251021124  2.15095806
  0.0269161686  1.98977864
  0.0288613327  1.84106255
  0.0309470613  1.70417964
  0.0331835151  1.57872319
  0.035581585  1.46312511
  0.0381529778  1.3571918
  0.0409101918  1.26120114
  0.0438666493  1.17516661
  0.0470367707  1.09798563
  0.0504359901  1.02777278
  0.0540808588  0.963730395
  0.0579891354  0.905663431
  0.0621798523  0.85345
  0.0666734204  0.806903243
  0.0714917108  0.765223801
  0.0766582191  0.727411032
  0.0821980983  0.692941904
  0.088138327  0.661282122
  0.0945078433  0.632355928
  0.101337694  0.606160283
  0.108661011  0.581932187
  0.116513699  0.559312403
  0.124933794  0.538326502
  0.133962393  0.518844068
  0.143643498  0.500717998
  0.154024199  0.483815044
  0.165155098  0.46801579
  0.177090392  0.453215688


#m=    10
  0.00154024188  14.3317595
  0.00165155064  7.16587973
  0.00177090405  4.77724218
  0.00189888291  3.5829277
  0.0020361105  9.30018425
  0.00218325411  19.8520451
  0.00234103133  11.196969
  0.00251021073  9.91451836
  0.00269161724  10.0291977
  0.00288613234  9.85066223
  0.00309470599  9.4645443
  0.00331835123  9.12322712
  0.00355815864  9.11673927
  0.00381529774  8.98640537
  0.00409101788  8.4728508
  0.00438666577  8.52562809
  0.00470367679  8.21084499
  0.00504359975  7.92410803
  0.00540808588  7.68360615
  0.00579891214  7.42479181
  0.00621798495  7.17312002
  0.00666734017  6.94961691
  0.00714917202  6.70462656
  0.00766582135  6.41623735
  0.00821981113  6.16162634
  0.00881383289  5.88821936
  0.00945078209  5.61821032
  0.0101337712  5.35571289
  0.0108660981  5.08948135
  0.0116513697  4.83004713
  0.0124933794  4.56730461
  0.013396238  4.30959749
  0.0143643515  4.05452394
  0.0154024195  3.80568266
  0.0165155064  3.56403828
  0.017709041  3.32958293
  0.0189888291  3.10135555
  0.0203611013  2.88198113
  0.0218325406  2.67212057
  0.0234103091  2.47202754
  0.0251021124  2.28373456
  0.0269161686  2.10838103
  0.0288613327  1.94677603
  0.0309470613  1.79818833
  0.0331835151  1.66218615
  0.035581585  1.53695369
  0.0381529778  1.42231047
  0.0409101918  1.31861591
  0.0438666493  1.22591817
  0.0470367707  1.1429801
  0.0504359901  1.0676589
  0.0540808588  0.999058127
  0.0579891354  0.936980665
  0.0621798523  0.881320357
  0.0666734204  0.831883132
  0.0714917108  0.787763536
  0.0766582191  0.747830927
  0.0821980983  0.711505115
  0.088138327  0.678193271
  0.0945078433  0.64782393
  0.101337694  0.620405972
  0.108661011  0.59508276
  0.116513699  0.571457803
  0.124933794  0.549570501
  0.133962393  0.529281557
  0.143643498  0.510432184
  0.154024199  0.492878616
  0.165155098  0.476491839
  0.177090392  0.461159617


