#epsilon= 7.265153e-005  dim= 3
0 -7.323391e+000 9
1 -2.586144e+000 9
2 -2.755605e+000 9
3 -2.508827e+000 9
4 -2.479995e+000 9
5 -3.472869e+000 9
6 -2.484328e+000 9
7 -2.762570e+000 9
8 -2.502145e+000 9
9 -2.488544e+000 9
10 -3.002948e+000 9
11 -2.468694e+000 9
12 -2.453275e+000 9
13 -2.524569e+000 9
14 -2.492943e+000 9
15 -2.626782e+000 9
16 -2.317616e+000 9
17 -2.592148e+000 9
18 -2.305933e+000 9
19 -2.478074e+000 9
20 -2.640064e+000 9
21 -2.338460e+000 9
22 -2.376373e+000 9
23 -2.257177e+000 9
24 -2.182582e+000 9
25 -2.283455e+000 9
26 -2.027750e+000 9
27 -2.317509e+000 9
28 -2.177005e+000 9
29 -2.372130e+000 9
30 -1.861169e+000 9
31 -1.973557e+000 9
32 -2.255646e+000 9
33 -2.169516e+000 9
34 -1.966986e+000 9
35 -1.855735e+000 9
36 -1.970212e+000 9
37 -2.240123e+000 9
38 -2.051445e+000 9
39 -2.160471e+000 9
40 -2.046721e+000 9
41 -2.412531e+000 9
42 -2.084042e+000 9
43 -2.023946e+000 9
44 -2.163345e+000 9
45 -2.218703e+000 9
46 -2.390378e+000 9
47 -2.071805e+000 9
48 -2.193213e+000 9
49 -2.187675e+000 9
50 -2.348485e+000 9
51 -2.238955e+000 9
52 -2.136645e+000 9
53 -2.097443e+000 9
54 -2.165319e+000 9
55 -1.950091e+000 9
56 -2.219572e+000 9
57 -2.039314e+000 9
58 -2.330686e+000 9
59 -1.987883e+000 9
60 -2.077485e+000 9
61 -2.433631e+000 9
62 -2.146775e+000 9
63 -2.380007e+000 9
64 -2.073703e+000 9
65 -2.206976e+000 9
66 -2.599864e+000 9
67 -2.256986e+000 9
68 -2.439318e+000 9
69 -2.432617e+000 9
70 -2.696357e+000 9
71 -2.702789e+000 9
72 -2.606692e+000 9
73 -2.697201e+000 9
74 -2.779568e+000 9
75 -2.749559e+000 9
76 -2.491629e+000 9
77 -2.723706e+000 9
78 -2.668286e+000 9
79 -2.836965e+000 9
80 -2.699388e+000 9
81 -2.717759e+000 9
82 -2.340792e+000 9
83 -2.654919e+000 9
84 -2.847995e+000 9
85 -2.585850e+000 9
86 -2.522462e+000 9
87 -2.281404e+000 9
88 -2.573142e+000 9
89 -3.075162e+000 9
90 -2.567627e+000 9
91 -2.422744e+000 9
92 -2.509155e+000 9
93 -2.632038e+000 9
94 -3.000474e+000 9
95 -2.876602e+000 9
96 -2.404299e+000 9
97 -2.757758e+000 9
98 -2.868235e+000 9
99 -2.682892e+000 9
100 -2.588586e+000 9

#epsilon= 1.291947e-004  dim= 3
0 -6.751558e+000 39
1 -2.441166e+000 39
2 -2.558859e+000 39
3 -2.734383e+000 39
4 -2.522868e+000 39
5 -3.780962e+000 39
6 -2.438307e+000 39
7 -2.542158e+000 39
8 -2.640554e+000 39
9 -2.481170e+000 39
10 -2.891752e+000 39
11 -2.434357e+000 39
12 -2.440175e+000 39
13 -2.541864e+000 39
14 -2.448274e+000 39
15 -2.527981e+000 39
16 -2.449142e+000 39
17 -2.451781e+000 39
18 -2.358009e+000 39
19 -2.482628e+000 39
20 -2.368655e+000 39
21 -2.547674e+000 39
22 -2.429627e+000 39
23 -2.403540e+000 39
24 -2.378085e+000 39
25 -2.302122e+000 39
26 -2.309188e+000 39
27 -2.361799e+000 39
28 -2.404446e+000 39
29 -2.330218e+000 39
30 -2.094455e+000 39
31 -2.209790e+000 39
32 -2.429404e+000 39
33 -2.393495e+000 39
34 -2.223782e+000 39
35 -2.139461e+000 39
36 -2.045652e+000 39
37 -2.297118e+000 39
38 -2.471232e+000 39
39 -2.326748e+000 39
40 -2.253111e+000 39
41 -2.258140e+000 39
42 -2.218728e+000 39
43 -2.421142e+000 39
44 -2.316210e+000 39
45 -2.345394e+000 39
46 -2.322905e+000 39
47 -2.246807e+000 39
48 -2.401492e+000 39
49 -2.355110e+000 39
50 -2.470478e+000 39
51 -2.464096e+000 39
52 -2.304229e+000 39
53 -2.352356e+000 39
54 -2.335567e+000 39
55 -2.360038e+000 39
56 -2.478050e+000 39
57 -2.345198e+000 39
58 -2.419021e+000 39
59 -2.427554e+000 39
60 -2.328108e+000 39
61 -2.511286e+000 39
62 -2.346049e+000 39
63 -2.519027e+000 39
64 -2.421547e+000 39
65 -2.399965e+000 39
66 -2.422088e+000 39
67 -2.294916e+000 39
68 -2.630338e+000 39
69 -2.508130e+000 39
70 -2.619351e+000 39
71 -2.483456e+000 39
72 -2.407265e+000 39
73 -2.702816e+000 39
74 -2.511901e+000 39
75 -2.693549e+000 39
76 -2.376939e+000 39
77 -2.518791e+000 39
78 -2.744655e+000 39
79 -2.500972e+000 39
80 -2.536915e+000 39
81 -2.397260e+000 39
82 -2.595269e+000 39
83 -2.720847e+000 39
84 -2.558593e+000 39
85 -2.377077e+000 39
86 -2.367270e+000 39
87 -2.561556e+000 39
88 -2.596507e+000 39
89 -2.550976e+000 39
90 -2.314858e+000 39
91 -2.336279e+000 39
92 -2.437207e+000 39
93 -2.595749e+000 39
94 -2.496936e+000 39
95 -2.399992e+000 39
96 -2.453274e+000 39
97 -2.453827e+000 39
98 -2.594607e+000 39
99 -2.580800e+000 39
100 -2.286739e+000 39

#epsilon= 2.297443e-004  dim= 3
0 -6.113398e+000 125
1 -2.436033e+000 125
2 -2.472706e+000 125
3 -2.524401e+000 125
4 -2.429804e+000 125
5 -3.367230e+000 125
6 -2.436623e+000 125
7 -2.438690e+000 125
8 -2.507150e+000 125
9 -2.400983e+000 125
10 -2.717131e+000 125
11 -2.412101e+000 125
12 -2.404927e+000 125
13 -2.477050e+000 125
14 -2.346835e+000 125
15 -2.382018e+000 125
16 -2.480121e+000 125
17 -2.416355e+000 125
18 -2.361306e+000 125
19 -2.356840e+000 125
20 -2.385713e+000 125
21 -2.464142e+000 125
22 -2.365346e+000 125
23 -2.370379e+000 125
24 -2.327212e+000 125
25 -2.384514e+000 125
26 -2.380451e+000 125
27 -2.341102e+000 125
28 -2.388912e+000 125
29 -2.403001e+000 125
30 -2.352887e+000 125
31 -2.310803e+000 125
32 -2.330125e+000 125
33 -2.376460e+000 125
34 -2.305140e+000 125
35 -2.279060e+000 125
36 -2.219861e+000 125
37 -2.361869e+000 125
38 -2.353096e+000 125
39 -2.301901e+000 125
40 -2.304069e+000 125
41 -2.304823e+000 125
42 -2.349516e+000 125
43 -2.341241e+000 125
44 -2.295393e+000 125
45 -2.311683e+000 125
46 -2.318274e+000 125
47 -2.284987e+000 125
48 -2.345676e+000 125
49 -2.300346e+000 125
50 -2.323520e+000 125
51 -2.349655e+000 125
52 -2.298927e+000 125
53 -2.371562e+000 125
54 -2.286907e+000 125
55 -2.296943e+000 125
56 -2.324533e+000 125
57 -2.315571e+000 125
58 -2.326525e+000 125
59 -2.307383e+000 125
60 -2.335370e+000 125
61 -2.365871e+000 125
62 -2.338254e+000 125
63 -2.338782e+000 125
64 -2.394676e+000 125
65 -2.339291e+000 125
66 -2.340375e+000 125
67 -2.354258e+000 125
68 -2.341460e+000 125
69 -2.393723e+000 125
70 -2.341180e+000 125
71 -2.341392e+000 125
72 -2.343565e+000 125
73 -2.391464e+000 125
74 -2.422306e+000 125
75 -2.409848e+000 125
76 -2.327161e+000 125
77 -2.376712e+000 125
78 -2.465172e+000 125
79 -2.401726e+000 125
80 -2.374714e+000 125
81 -2.305762e+000 125
82 -2.373055e+000 125
83 -2.459274e+000 125
84 -2.410407e+000 125
85 -2.435701e+000 125
86 -2.315418e+000 125
87 -2.409895e+000 125
88 -2.416454e+000 125
89 -2.342313e+000 125
90 -2.396071e+000 125
91 -2.310441e+000 125
92 -2.384402e+000 125
93 -2.338620e+000 125
94 -2.290154e+000 125
95 -2.356227e+000 125
96 -2.373961e+000 125
97 -2.358104e+000 125
98 -2.289509e+000 125
99 -2.352748e+000 125
100 -2.285181e+000 125

#epsilon= 4.085496e-004  dim= 3
0 -5.466162e+000 311
1 -2.376366e+000 311
2 -2.411307e+000 311
3 -2.393685e+000 311
4 -2.338646e+000 311
5 -3.130127e+000 311
6 -2.360647e+000 311
7 -2.423302e+000 311
8 -2.353703e+000 311
9 -2.304069e+000 311
10 -2.586969e+000 311
11 -2.331920e+000 311
12 -2.367162e+000 311
13 -2.338050e+000 311
14 -2.286285e+000 311
15 -2.313911e+000 311
16 -2.326282e+000 311
17 -2.337589e+000 311
18 -2.280328e+000 311
19 -2.277839e+000 311
20 -2.270134e+000 311
21 -2.302462e+000 311
22 -2.301468e+000 311
23 -2.240033e+000 311
24 -2.270572e+000 311
25 -2.273099e+000 311
26 -2.293201e+000 311
27 -2.256541e+000 311
28 -2.228489e+000 311
29 -2.256093e+000 311
30 -2.249239e+000 311
31 -2.273888e+000 311
32 -2.229567e+000 311
33 -2.225517e+000 311
34 -2.250268e+000 311
35 -2.266556e+000 311
36 -2.247146e+000 311
37 -2.236449e+000 311
38 -2.239532e+000 311
39 -2.227503e+000 311
40 -2.281163e+000 311
41 -2.243997e+000 311
42 -2.255013e+000 311
43 -2.273953e+000 311
44 -2.226366e+000 311
45 -2.273882e+000 311
46 -2.260787e+000 311
47 -2.256193e+000 311
48 -2.291090e+000 311
49 -2.249193e+000 311
50 -2.262809e+000 311
51 -2.279279e+000 311
52 -2.236276e+000 311
53 -2.270135e+000 311
54 -2.261736e+000 311
55 -2.263956e+000 311
56 -2.278071e+000 311
57 -2.228125e+000 311
58 -2.247140e+000 311
59 -2.244713e+000 311
60 -2.273307e+000 311
61 -2.269601e+000 311
62 -2.254367e+000 311
63 -2.254106e+000 311
64 -2.252340e+000 311
65 -2.267492e+000 311
66 -2.218898e+000 311
67 -2.281090e+000 311
68 -2.259467e+000 311
69 -2.292348e+000 311
70 -2.269008e+000 311
71 -2.246997e+000 311
72 -2.287447e+000 311
73 -2.293815e+000 311
74 -2.337335e+000 311
75 -2.274070e+000 311
76 -2.258782e+000 311
77 -2.299565e+000 311
78 -2.308607e+000 311
79 -2.319355e+000 311
80 -2.264986e+000 311
81 -2.258257e+000 311
82 -2.304988e+000 311
83 -2.332752e+000 311
84 -2.301076e+000 311
85 -2.278284e+000 311
86 -2.295806e+000 311
87 -2.290703e+000 311
88 -2.314920e+000 311
89 -2.317454e+000 311
90 -2.298525e+000 311
91 -2.303305e+000 311
92 -2.282683e+000 311
93 -2.304509e+000 311
94 -2.301321e+000 311
95 -2.295289e+000 311
96 -2.313317e+000 311
97 -2.292156e+000 311
98 -2.282948e+000 311
99 -2.288014e+000 311
100 -2.269756e+000 311

#epsilon= 7.265153e-004  dim= 3
0 -4.882963e+000 440
1 -2.216002e+000 440
2 -2.235166e+000 440
3 -2.210886e+000 440
4 -2.210810e+000 440
5 -2.886984e+000 440
6 -2.237627e+000 440
7 -2.228756e+000 440
8 -2.205229e+000 440
9 -2.198964e+000 440
10 -2.432273e+000 440
11 -2.218569e+000 440
12 -2.212518e+000 440
13 -2.209447e+000 440
14 -2.196890e+000 440
15 -2.194263e+000 440
16 -2.207574e+000 440
17 -2.227340e+000 440
18 -2.206469e+000 440
19 -2.191834e+000 440
20 -2.193325e+000 440
21 -2.187946e+000 440
22 -2.203590e+000 440
23 -2.169118e+000 440
24 -2.187136e+000 440
25 -2.204561e+000 440
26 -2.176346e+000 440
27 -2.193794e+000 440
28 -2.177991e+000 440
29 -2.172700e+000 440
30 -2.170920e+000 440
31 -2.159477e+000 440
32 -2.172462e+000 440
33 -2.169318e+000 440
34 -2.167527e+000 440
35 -2.182066e+000 440
36 -2.172624e+000 440
37 -2.173792e+000 440
38 -2.176735e+000 440
39 -2.177254e+000 440
40 -2.188640e+000 440
41 -2.187854e+000 440
42 -2.202117e+000 440
43 -2.162440e+000 440
44 -2.171837e+000 440
45 -2.208040e+000 440
46 -2.179024e+000 440
47 -2.207238e+000 440
48 -2.187264e+000 440
49 -2.172355e+000 440
50 -2.206499e+000 440
51 -2.183561e+000 440
52 -2.193590e+000 440
53 -2.173385e+000 440
54 -2.176563e+000 440
55 -2.192258e+000 440
56 -2.182010e+000 440
57 -2.186686e+000 440
58 -2.170994e+000 440
59 -2.170051e+000 440
60 -2.184572e+000 440
61 -2.173875e+000 440
62 -2.183185e+000 440
63 -2.176048e+000 440
64 -2.179764e+000 440
65 -2.178961e+000 440
66 -2.173069e+000 440
67 -2.173568e+000 440
68 -2.189912e+000 440
69 -2.182093e+000 440
70 -2.176458e+000 440
71 -2.176656e+000 440
72 -2.161889e+000 440
73 -2.184652e+000 440
74 -2.209581e+000 440
75 -2.164049e+000 440
76 -2.173462e+000 440
77 -2.143920e+000 440
78 -2.174558e+000 440
79 -2.192617e+000 440
80 -2.165536e+000 440
81 -2.153519e+000 440
82 -2.155649e+000 440
83 -2.165179e+000 440
84 -2.183465e+000 440
85 -2.167839e+000 440
86 -2.177300e+000 440
87 -2.158543e+000 440
88 -2.187509e+000 440
89 -2.178723e+000 440
90 -2.187059e+000 440
91 -2.191458e+000 440
92 -2.183521e+000 440
93 -2.201665e+000 440
94 -2.191383e+000 440
95 -2.211004e+000 440
96 -2.206040e+000 440
97 -2.197182e+000 440
98 -2.210270e+000 440
99 -2.188207e+000 440
100 -2.201721e+000 440

