#epsilon= 1.770904e-004  dim= 3
0 -7.235242e+000 7
1 -2.721277e+000 7
2 -4.146470e+000 7
3 -2.814174e+000 7
4 -3.386537e+000 7
5 -2.877848e+000 7
6 -2.940675e+000 7
7 -3.221163e+000 7
8 -2.714320e+000 7
9 -3.013505e+000 7
10 -2.789925e+000 7
11 -3.076290e+000 7
12 -2.845523e+000 7
13 -2.766259e+000 7
14 -2.818011e+000 7
15 -2.544299e+000 7
16 -2.259011e+000 7
17 -2.513226e+000 7
18 -2.484991e+000 7
19 -2.500369e+000 7
20 -2.661653e+000 7
21 -2.641047e+000 7
22 -2.832680e+000 7
23 -2.489189e+000 7
24 -2.795373e+000 7
25 -2.581746e+000 7
26 -3.043321e+000 7
27 -2.547000e+000 7
28 -3.031181e+000 7
29 -2.738283e+000 7
30 -2.842032e+000 7
31 -2.645538e+000 7
32 -2.651603e+000 7
33 -2.658807e+000 7
34 -2.589203e+000 7
35 -2.612737e+000 7
36 -2.600294e+000 7
37 -2.693831e+000 7
38 -2.600214e+000 7
39 -2.669813e+000 7
40 -2.622949e+000 7
41 -2.749080e+000 7
42 -2.382144e+000 7
43 -2.658291e+000 7
44 -2.582837e+000 7
45 -2.653301e+000 7
46 -2.766392e+000 7
47 -2.805590e+000 7
48 -2.996769e+000 7
49 -2.750040e+000 7
50 -2.741568e+000 7
51 -2.625536e+000 7
52 -2.773931e+000 7
53 -2.400093e+000 7
54 -2.588672e+000 7
55 -2.295310e+000 7
56 -2.347298e+000 7
57 -2.346073e+000 7
58 -2.553653e+000 7
59 -2.528897e+000 7
60 -2.879650e+000 7
61 -2.395961e+000 7
62 -2.788079e+000 7
63 -2.634527e+000 7
64 -2.664865e+000 7
65 -2.760182e+000 7
66 -2.727535e+000 7
67 -3.163052e+000 7
68 -2.776999e+000 7
69 -2.621156e+000 7
70 -2.792371e+000 7
71 -2.496260e+000 7
72 -2.728823e+000 7
73 -2.302037e+000 7
74 -2.687321e+000 7
75 -2.370598e+000 7
76 -2.667590e+000 7
77 -2.593202e+000 7
78 -2.767959e+000 7
79 -2.592110e+000 7
80 -2.817376e+000 7
81 -2.659800e+000 7
82 -2.793115e+000 7
83 -2.525438e+000 7
84 -2.812122e+000 7
85 -2.532747e+000 7
86 -2.825245e+000 7
87 -2.432036e+000 7
88 -2.513194e+000 7
89 -2.571663e+000 7
90 -2.511555e+000 7
91 -2.640436e+000 7
92 -2.527605e+000 7
93 -2.596518e+000 7
94 -2.953369e+000 7
95 -2.708698e+000 7
96 -2.918420e+000 7
97 -2.610367e+000 7
98 -2.652176e+000 7
99 -2.647465e+000 7
100 -2.757720e+000 7

#epsilon= 3.149163e-004  dim= 3
0 -6.647935e+000 44
1 -2.694583e+000 44
2 -3.564579e+000 44
3 -2.733452e+000 44
4 -2.899583e+000 44
5 -2.758078e+000 44
6 -2.622830e+000 44
7 -2.667089e+000 44
8 -2.603920e+000 44
9 -2.670115e+000 44
10 -2.573131e+000 44
11 -2.615862e+000 44
12 -2.567848e+000 44
13 -2.612396e+000 44
14 -2.567768e+000 44
15 -2.574599e+000 44
16 -2.513322e+000 44
17 -2.588508e+000 44
18 -2.562541e+000 44
19 -2.562854e+000 44
20 -2.631346e+000 44
21 -2.507396e+000 44
22 -2.586105e+000 44
23 -2.508987e+000 44
24 -2.519167e+000 44
25 -2.532173e+000 44
26 -2.586414e+000 44
27 -2.572884e+000 44
28 -2.659118e+000 44
29 -2.580433e+000 44
30 -2.625707e+000 44
31 -2.651111e+000 44
32 -2.550831e+000 44
33 -2.595783e+000 44
34 -2.515828e+000 44
35 -2.647195e+000 44
36 -2.547846e+000 44
37 -2.519960e+000 44
38 -2.537421e+000 44
39 -2.442337e+000 44
40 -2.523442e+000 44
41 -2.622738e+000 44
42 -2.488337e+000 44
43 -2.689747e+000 44
44 -2.505224e+000 44
45 -2.691591e+000 44
46 -2.668072e+000 44
47 -2.575016e+000 44
48 -2.687133e+000 44
49 -2.565042e+000 44
50 -2.626764e+000 44
51 -2.521492e+000 44
52 -2.630887e+000 44
53 -2.526903e+000 44
54 -2.646234e+000 44
55 -2.540734e+000 44
56 -2.540986e+000 44
57 -2.632177e+000 44
58 -2.557066e+000 44
59 -2.673767e+000 44
60 -2.547817e+000 44
61 -2.586218e+000 44
62 -2.580107e+000 44
63 -2.573356e+000 44
64 -2.559973e+000 44
65 -2.554840e+000 44
66 -2.591911e+000 44
67 -2.626838e+000 44
68 -2.588535e+000 44
69 -2.459671e+000 44
70 -2.491175e+000 44
71 -2.441896e+000 44
72 -2.498210e+000 44
73 -2.446973e+000 44
74 -2.563438e+000 44
75 -2.464929e+000 44
76 -2.534628e+000 44
77 -2.533242e+000 44
78 -2.635942e+000 44
79 -2.644194e+000 44
80 -2.652640e+000 44
81 -2.610829e+000 44
82 -2.634478e+000 44
83 -2.528713e+000 44
84 -2.560554e+000 44
85 -2.491023e+000 44
86 -2.574468e+000 44
87 -2.578298e+000 44
88 -2.483410e+000 44
89 -2.479732e+000 44
90 -2.536284e+000 44
91 -2.595979e+000 44
92 -2.452791e+000 44
93 -2.481215e+000 44
94 -2.632133e+000 44
95 -2.569889e+000 44
96 -2.673579e+000 44
97 -2.555211e+000 44
98 -2.654876e+000 44
99 -2.753151e+000 44
100 -2.654101e+000 44

#epsilon= 5.600091e-004  dim= 3
0 -6.057009e+000 173
1 -2.639754e+000 173
2 -3.499438e+000 173
3 -2.586601e+000 173
4 -2.874258e+000 173
5 -2.588706e+000 173
6 -2.569536e+000 173
7 -2.568255e+000 173
8 -2.538776e+000 173
9 -2.570153e+000 173
10 -2.527184e+000 173
11 -2.551815e+000 173
12 -2.479622e+000 173
13 -2.526582e+000 173
14 -2.512382e+000 173
15 -2.490459e+000 173
16 -2.515726e+000 173
17 -2.512613e+000 173
18 -2.585981e+000 173
19 -2.529139e+000 173
20 -2.586590e+000 173
21 -2.518019e+000 173
22 -2.594713e+000 173
23 -2.527502e+000 173
24 -2.569545e+000 173
25 -2.543897e+000 173
26 -2.530695e+000 173
27 -2.491068e+000 173
28 -2.513516e+000 173
29 -2.476059e+000 173
30 -2.513495e+000 173
31 -2.430814e+000 173
32 -2.484944e+000 173
33 -2.475280e+000 173
34 -2.494772e+000 173
35 -2.498570e+000 173
36 -2.497893e+000 173
37 -2.485457e+000 173
38 -2.516800e+000 173
39 -2.464030e+000 173
40 -2.515405e+000 173
41 -2.492244e+000 173
42 -2.483657e+000 173
43 -2.501980e+000 173
44 -2.482369e+000 173
45 -2.543705e+000 173
46 -2.482759e+000 173
47 -2.503519e+000 173
48 -2.486313e+000 173
49 -2.502892e+000 173
50 -2.469320e+000 173
51 -2.436438e+000 173
52 -2.497077e+000 173
53 -2.495550e+000 173
54 -2.484670e+000 173
55 -2.476409e+000 173
56 -2.467025e+000 173
57 -2.556203e+000 173
58 -2.526114e+000 173
59 -2.548649e+000 173
60 -2.498942e+000 173
61 -2.525478e+000 173
62 -2.514479e+000 173
63 -2.459875e+000 173
64 -2.496907e+000 173
65 -2.454142e+000 173
66 -2.507847e+000 173
67 -2.472454e+000 173
68 -2.499704e+000 173
69 -2.472074e+000 173
70 -2.503707e+000 173
71 -2.487668e+000 173
72 -2.468639e+000 173
73 -2.486867e+000 173
74 -2.461170e+000 173
75 -2.454680e+000 173
76 -2.461867e+000 173
77 -2.443374e+000 173
78 -2.564896e+000 173
79 -2.456856e+000 173
80 -2.586733e+000 173
81 -2.509596e+000 173
82 -2.572671e+000 173
83 -2.486856e+000 173
84 -2.549152e+000 173
85 -2.466550e+000 173
86 -2.527326e+000 173
87 -2.471885e+000 173
88 -2.481779e+000 173
89 -2.459162e+000 173
90 -2.458133e+000 173
91 -2.466292e+000 173
92 -2.402372e+000 173
93 -2.447065e+000 173
94 -2.438956e+000 173
95 -2.478824e+000 173
96 -2.484463e+000 173
97 -2.499808e+000 173
98 -2.546982e+000 173
99 -2.555961e+000 173
100 -2.561197e+000 173

#epsilon= 9.958527e-004  dim= 3
0 -5.462986e+000 363
1 -2.514435e+000 363
2 -3.308190e+000 363
3 -2.506965e+000 363
4 -2.755471e+000 363
5 -2.516773e+000 363
6 -2.487845e+000 363
7 -2.495126e+000 363
8 -2.454883e+000 363
9 -2.452528e+000 363
10 -2.438794e+000 363
11 -2.441990e+000 363
12 -2.444788e+000 363
13 -2.416528e+000 363
14 -2.444785e+000 363
15 -2.411088e+000 363
16 -2.440830e+000 363
17 -2.427809e+000 363
18 -2.456756e+000 363
19 -2.439813e+000 363
20 -2.456991e+000 363
21 -2.458051e+000 363
22 -2.455400e+000 363
23 -2.440566e+000 363
24 -2.445402e+000 363
25 -2.433950e+000 363
26 -2.440180e+000 363
27 -2.405976e+000 363
28 -2.453042e+000 363
29 -2.354460e+000 363
30 -2.425715e+000 363
31 -2.353760e+000 363
32 -2.401077e+000 363
33 -2.378534e+000 363
34 -2.384917e+000 363
35 -2.385929e+000 363
36 -2.400171e+000 363
37 -2.399112e+000 363
38 -2.407876e+000 363
39 -2.416796e+000 363
40 -2.443520e+000 363
41 -2.430288e+000 363
42 -2.421845e+000 363
43 -2.422850e+000 363
44 -2.433392e+000 363
45 -2.454288e+000 363
46 -2.426109e+000 363
47 -2.455456e+000 363
48 -2.447193e+000 363
49 -2.451671e+000 363
50 -2.438051e+000 363
51 -2.448482e+000 363
52 -2.436241e+000 363
53 -2.451968e+000 363
54 -2.436508e+000 363
55 -2.465442e+000 363
56 -2.409230e+000 363
57 -2.471953e+000 363
58 -2.408327e+000 363
59 -2.455534e+000 363
60 -2.402270e+000 363
61 -2.429254e+000 363
62 -2.439315e+000 363
63 -2.415177e+000 363
64 -2.428899e+000 363
65 -2.426343e+000 363
66 -2.419396e+000 363
67 -2.416299e+000 363
68 -2.409042e+000 363
69 -2.437651e+000 363
70 -2.441960e+000 363
71 -2.432998e+000 363
72 -2.424278e+000 363
73 -2.438335e+000 363
74 -2.419122e+000 363
75 -2.434744e+000 363
76 -2.419329e+000 363
77 -2.423525e+000 363
78 -2.438367e+000 363
79 -2.404278e+000 363
80 -2.430832e+000 363
81 -2.399087e+000 363
82 -2.429884e+000 363
83 -2.391301e+000 363
84 -2.422931e+000 363
85 -2.399557e+000 363
86 -2.424978e+000 363
87 -2.397307e+000 363
88 -2.418707e+000 363
89 -2.411629e+000 363
90 -2.409327e+000 363
91 -2.416706e+000 363
92 -2.405128e+000 363
93 -2.428377e+000 363
94 -2.412249e+000 363
95 -2.419694e+000 363
96 -2.415343e+000 363
97 -2.429259e+000 363
98 -2.424718e+000 363
99 -2.423482e+000 363
100 -2.444679e+000 363

#epsilon= 1.770904e-003  dim= 3
0 -4.875388e+000 457
1 -2.427921e+000 457
2 -3.041224e+000 457
3 -2.420392e+000 457
4 -2.610934e+000 457
5 -2.408625e+000 457
6 -2.375014e+000 457
7 -2.392179e+000 457
8 -2.369102e+000 457
9 -2.362111e+000 457
10 -2.365064e+000 457
11 -2.362830e+000 457
12 -2.358793e+000 457
13 -2.357949e+000 457
14 -2.363992e+000 457
15 -2.363055e+000 457
16 -2.370331e+000 457
17 -2.364906e+000 457
18 -2.374284e+000 457
19 -2.371064e+000 457
20 -2.364548e+000 457
21 -2.375445e+000 457
22 -2.356077e+000 457
23 -2.365031e+000 457
24 -2.358909e+000 457
25 -2.354619e+000 457
26 -2.355214e+000 457
27 -2.336450e+000 457
28 -2.359771e+000 457
29 -2.321908e+000 457
30 -2.345800e+000 457
31 -2.329888e+000 457
32 -2.338739e+000 457
33 -2.331020e+000 457
34 -2.337473e+000 457
35 -2.331907e+000 457
36 -2.334917e+000 457
37 -2.322213e+000 457
38 -2.344164e+000 457
39 -2.342242e+000 457
40 -2.354036e+000 457
41 -2.345806e+000 457
42 -2.361544e+000 457
43 -2.342505e+000 457
44 -2.361970e+000 457
45 -2.337103e+000 457
46 -2.360834e+000 457
47 -2.345395e+000 457
48 -2.357030e+000 457
49 -2.348711e+000 457
50 -2.354798e+000 457
51 -2.355445e+000 457
52 -2.364138e+000 457
53 -2.359355e+000 457
54 -2.364200e+000 457
55 -2.364036e+000 457
56 -2.353515e+000 457
57 -2.369322e+000 457
58 -2.344253e+000 457
59 -2.362741e+000 457
60 -2.346185e+000 457
61 -2.361791e+000 457
62 -2.357738e+000 457
63 -2.359851e+000 457
64 -2.359646e+000 457
65 -2.359628e+000 457
66 -2.353257e+000 457
67 -2.359570e+000 457
68 -2.342762e+000 457
69 -2.366751e+000 457
70 -2.357596e+000 457
71 -2.380151e+000 457
72 -2.361849e+000 457
73 -2.367364e+000 457
74 -2.368987e+000 457
75 -2.362357e+000 457
76 -2.358305e+000 457
77 -2.349802e+000 457
78 -2.351862e+000 457
79 -2.349525e+000 457
80 -2.346245e+000 457
81 -2.341071e+000 457
82 -2.366545e+000 457
83 -2.345135e+000 457
84 -2.355604e+000 457
85 -2.347286e+000 457
86 -2.354756e+000 457
87 -2.368090e+000 457
88 -2.346919e+000 457
89 -2.358687e+000 457
90 -2.325140e+000 457
91 -2.350563e+000 457
92 -2.327087e+000 457
93 -2.349752e+000 457
94 -2.332907e+000 457
95 -2.360650e+000 457
96 -2.355435e+000 457
97 -2.350891e+000 457
98 -2.355954e+000 457
99 -2.333465e+000 457
100 -2.347936e+000 457

