#epsilon= 1.770904e-004  dim= 3
0 -7.270326e+000 6
1 -2.729485e+000 6
2 -3.906987e+000 6
3 -2.769411e+000 6
4 -3.373951e+000 6
5 -2.818525e+000 6
6 -2.991682e+000 6
7 -3.193105e+000 6
8 -2.734801e+000 6
9 -3.055479e+000 6
10 -2.812940e+000 6
11 -3.147648e+000 6
12 -2.736281e+000 6
13 -2.799382e+000 6
14 -2.886202e+000 6
15 -2.486881e+000 6
16 -2.233228e+000 6
17 -2.434982e+000 6
18 -2.499106e+000 6
19 -2.536269e+000 6
20 -2.692222e+000 6
21 -2.739204e+000 6
22 -2.888708e+000 6
23 -2.576802e+000 6
24 -2.877705e+000 6
25 -2.643924e+000 6
26 -3.138477e+000 6
27 -2.538767e+000 6
28 -3.134071e+000 6
29 -2.670674e+000 6
30 -2.877985e+000 6
31 -2.557652e+000 6
32 -2.633884e+000 6
33 -2.618764e+000 6
34 -2.607696e+000 6
35 -2.621917e+000 6
36 -2.632926e+000 6
37 -2.747450e+000 6
38 -2.614247e+000 6
39 -2.713568e+000 6
40 -2.678635e+000 6
41 -2.798242e+000 6
42 -2.417648e+000 6
43 -2.657246e+000 6
44 -2.650781e+000 6
45 -2.652695e+000 6
46 -2.801716e+000 6
47 -2.770346e+000 6
48 -2.995189e+000 6
49 -2.778232e+000 6
50 -2.705789e+000 6
51 -2.627392e+000 6
52 -2.714605e+000 6
53 -2.429020e+000 6
54 -2.616127e+000 6
55 -2.274318e+000 6
56 -2.325511e+000 6
57 -2.360912e+000 6
58 -2.574987e+000 6
59 -2.545692e+000 6
60 -2.840555e+000 6
61 -2.407768e+000 6
62 -2.787778e+000 6
63 -2.647556e+000 6
64 -2.637048e+000 6
65 -2.749215e+000 6
66 -2.680916e+000 6
67 -3.302177e+000 6
68 -2.701379e+000 6
69 -2.694026e+000 6
70 -2.736635e+000 6
71 -2.542256e+000 6
72 -2.659897e+000 6
73 -2.290817e+000 6
74 -2.743836e+000 6
75 -2.392362e+000 6
76 -2.714846e+000 6
77 -2.658265e+000 6
78 -2.849149e+000 6
79 -2.610003e+000 6
80 -2.822757e+000 6
81 -2.561000e+000 6
82 -2.790521e+000 6
83 -2.401335e+000 6
84 -2.775182e+000 6
85 -2.406599e+000 6
86 -2.713903e+000 6
87 -2.256754e+000 6
88 -2.460354e+000 6
89 -2.500310e+000 6
90 -2.439247e+000 6
91 -2.577441e+000 6
92 -2.476427e+000 6
93 -2.557654e+000 6
94 -3.015257e+000 6
95 -2.680691e+000 6
96 -2.987443e+000 6
97 -2.620275e+000 6
98 -2.751427e+000 6
99 -2.649277e+000 6
100 -2.860067e+000 6

#epsilon= 1.770904e-004  dim= 4

#epsilon= 1.770904e-004  dim= 5

#epsilon= 1.770904e-004  dim= 6

#epsilon= 1.770904e-004  dim= 7

#epsilon= 1.770904e-004  dim= 8

#epsilon= 1.770904e-004  dim= 9

#epsilon= 1.770904e-004  dim= 10

#epsilon= 3.149163e-004  dim= 3
0 -6.644135e+000 42
1 -2.675971e+000 42
2 -3.496594e+000 42
3 -2.718307e+000 42
4 -2.879204e+000 42
5 -2.744244e+000 42
6 -2.625477e+000 42
7 -2.654988e+000 42
8 -2.611927e+000 42
9 -2.677074e+000 42
10 -2.580953e+000 42
11 -2.623824e+000 42
12 -2.556797e+000 42
13 -2.618526e+000 42
14 -2.582125e+000 42
15 -2.593628e+000 42
16 -2.525485e+000 42
17 -2.608525e+000 42
18 -2.570627e+000 42
19 -2.598867e+000 42
20 -2.635372e+000 42
21 -2.532222e+000 42
22 -2.573578e+000 42
23 -2.526539e+000 42
24 -2.527028e+000 42
25 -2.538350e+000 42
26 -2.593411e+000 42
27 -2.582540e+000 42
28 -2.669249e+000 42
29 -2.574436e+000 42
30 -2.629744e+000 42
31 -2.647397e+000 42
32 -2.551276e+000 42
33 -2.598575e+000 42
34 -2.521202e+000 42
35 -2.660543e+000 42
36 -2.540279e+000 42
37 -2.530943e+000 42
38 -2.538035e+000 42
39 -2.429451e+000 42
40 -2.529162e+000 42
41 -2.618060e+000 42
42 -2.495972e+000 42
43 -2.687488e+000 42
44 -2.497766e+000 42
45 -2.678561e+000 42
46 -2.658765e+000 42
47 -2.552753e+000 42
48 -2.673869e+000 42
49 -2.549408e+000 42
50 -2.609607e+000 42
51 -2.502648e+000 42
52 -2.632828e+000 42
53 -2.517687e+000 42
54 -2.664865e+000 42
55 -2.535971e+000 42
56 -2.553833e+000 42
57 -2.635822e+000 42
58 -2.547558e+000 42
59 -2.672620e+000 42
60 -2.533461e+000 42
61 -2.562255e+000 42
62 -2.573984e+000 42
63 -2.555157e+000 42
64 -2.552669e+000 42
65 -2.534151e+000 42
66 -2.579728e+000 42
67 -2.620867e+000 42
68 -2.569330e+000 42
69 -2.448560e+000 42
70 -2.468079e+000 42
71 -2.427946e+000 42
72 -2.463535e+000 42
73 -2.436852e+000 42
74 -2.561097e+000 42
75 -2.455503e+000 42
76 -2.533734e+000 42
77 -2.524780e+000 42
78 -2.639013e+000 42
79 -2.616875e+000 42
80 -2.636551e+000 42
81 -2.587411e+000 42
82 -2.616104e+000 42
83 -2.507127e+000 42
84 -2.552101e+000 42
85 -2.468706e+000 42
86 -2.556105e+000 42
87 -2.547947e+000 42
88 -2.477365e+000 42
89 -2.443032e+000 42
90 -2.516989e+000 42
91 -2.572755e+000 42
92 -2.447724e+000 42
93 -2.458147e+000 42
94 -2.645297e+000 42
95 -2.551055e+000 42
96 -2.690178e+000 42
97 -2.529754e+000 42
98 -2.670741e+000 42
99 -2.731824e+000 42
100 -2.643924e+000 42

#epsilon= 3.149163e-004  dim= 4
0 -6.501671e+000 1
1 -2.439515e+000 1
2 -3.975257e+000 1
3 -1.918209e+000 1
4 -3.011931e+000 1
5 -2.038086e+000 1
6 -2.826063e+000 1
7 -1.983152e+000 1
8 -2.801297e+000 1
9 -2.015472e+000 1
10 -2.546585e+000 1
11 -2.776214e+000 1
12 -2.597488e+000 1
13 -2.698701e+000 1
14 -2.492874e+000 1
15 -2.910820e+000 1
16 -2.505677e+000 1
17 -2.913191e+000 1
18 -2.710825e+000 1
19 -2.375667e+000 1
20 -2.890297e+000 1
21 -2.464028e+000 1
22 -3.253657e+000 1
23 -2.359928e+000 1
24 -2.542622e+000 1
25 -2.208767e+000 1
26 -2.589676e+000 1
27 -2.603399e+000 1
28 -2.203960e+000 1
29 -2.594609e+000 1
30 -2.193760e+000 1
31 -2.681808e+000 1
32 -2.390506e+000 1
33 -2.473074e+000 1
34 -2.389797e+000 1
35 -2.387192e+000 1
36 -2.897851e+000 1
37 -2.404899e+000 1
38 -2.938044e+000 1
39 -2.483001e+000 1
40 -2.808972e+000 1
41 -3.253258e+000 1
42 -2.690840e+000 1
43 -4.383060e+000 1
44 -2.860603e+000 1
45 -4.351264e+000 1
46 -2.991377e+000 1
47 -2.813697e+000 1
48 -2.345784e+000 1
49 -2.658458e+000 1
50 -2.200604e+000 1
51 -1.856876e+000 1
52 -2.200911e+000 1
53 -1.855871e+000 1
54 -2.173355e+000 1
55 -1.931452e+000 1
56 -2.410061e+000 1
57 -1.965944e+000 1
58 -2.502878e+000 1
59 -4.247677e+000 1
60 -2.440418e+000 1
61 -3.869530e+000 1
62 -2.440179e+000 1
63 -3.633603e+000 1
64 -2.719234e+000 1
65 -2.983710e+000 1
66 -2.435113e+000 1
67 -2.840691e+000 1
68 -2.496529e+000 1
69 -2.869628e+000 1
70 -2.553746e+000 1
71 -2.893016e+000 1
72 -2.550873e+000 1
73 -2.764361e+000 1
74 -2.534797e+000 1
75 -2.677988e+000 1
76 -2.522341e+000 1
77 -2.050820e+000 1
78 -2.498368e+000 1
79 -1.945295e+000 1
80 -2.213169e+000 1
81 -1.984502e+000 1
82 -2.558354e+000 1
83 -2.009487e+000 1
84 -2.454976e+000 1
85 -2.469903e+000 1
86 -1.846561e+000 1
87 -2.849620e+000 1
88 -1.947425e+000 1
89 -2.850844e+000 1
90 -1.915203e+000 1
91 -2.766685e+000 1
92 -1.951378e+000 1
93 -2.417754e+000 1
94 -2.849322e+000 1
95 -2.427205e+000 1
96 -2.365649e+000 1
97 -2.511131e+000 1
98 -2.466566e+000 1
99 -2.627366e+000 1
100 -2.444700e+000 1

#epsilon= 3.149163e-004  dim= 5

#epsilon= 3.149163e-004  dim= 6

#epsilon= 3.149163e-004  dim= 7

#epsilon= 3.149163e-004  dim= 8

#epsilon= 3.149163e-004  dim= 9

#epsilon= 3.149163e-004  dim= 10

#epsilon= 5.600091e-004  dim= 3
0 -6.054032e+000 172
1 -2.640698e+000 172
2 -3.485909e+000 172
3 -2.584455e+000 172
4 -2.868470e+000 172
5 -2.584461e+000 172
6 -2.568419e+000 172
7 -2.562028e+000 172
8 -2.538652e+000 172
9 -2.567302e+000 172
10 -2.526798e+000 172
11 -2.551068e+000 172
12 -2.473714e+000 172
13 -2.525975e+000 172
14 -2.513667e+000 172
15 -2.487073e+000 172
16 -2.516885e+000 172
17 -2.508236e+000 172
18 -2.587639e+000 172
19 -2.528919e+000 172
20 -2.586882e+000 172
21 -2.521589e+000 172
22 -2.599699e+000 172
23 -2.531420e+000 172
24 -2.572531e+000 172
25 -2.548753e+000 172
26 -2.537470e+000 172
27 -2.493768e+000 172
28 -2.516566e+000 172
29 -2.475168e+000 172
30 -2.515789e+000 172
31 -2.427778e+000 172
32 -2.485794e+000 172
33 -2.473523e+000 172
34 -2.496307e+000 172
35 -2.499234e+000 172
36 -2.501002e+000 172
37 -2.487722e+000 172
38 -2.521086e+000 172
39 -2.465406e+000 172
40 -2.522735e+000 172
41 -2.493470e+000 172
42 -2.490928e+000 172
43 -2.501311e+000 172
44 -2.488454e+000 172
45 -2.542653e+000 172
46 -2.488407e+000 172
47 -2.501272e+000 172
48 -2.488259e+000 172
49 -2.504419e+000 172
50 -2.470482e+000 172
51 -2.435427e+000 172
52 -2.501560e+000 172
53 -2.496790e+000 172
54 -2.492299e+000 172
55 -2.475990e+000 172
56 -2.468055e+000 172
57 -2.556633e+000 172
58 -2.526408e+000 172
59 -2.548467e+000 172
60 -2.494664e+000 172
61 -2.526532e+000 172
62 -2.511167e+000 172
63 -2.460016e+000 172
64 -2.494244e+000 172
65 -2.453072e+000 172
66 -2.505214e+000 172
67 -2.475997e+000 172
68 -2.493859e+000 172
69 -2.474429e+000 172
70 -2.498638e+000 172
71 -2.490698e+000 172
72 -2.463288e+000 172
73 -2.492812e+000 172
74 -2.461220e+000 172
75 -2.459206e+000 172
76 -2.462472e+000 172
77 -2.444645e+000 172
78 -2.566499e+000 172
79 -2.454955e+000 172
80 -2.586704e+000 172
81 -2.504009e+000 172
82 -2.571750e+000 172
83 -2.481164e+000 172
84 -2.545613e+000 172
85 -2.461363e+000 172
86 -2.520395e+000 172
87 -2.464202e+000 172
88 -2.478012e+000 172
89 -2.452635e+000 172
90 -2.455853e+000 172
91 -2.460717e+000 172
92 -2.403567e+000 172
93 -2.443487e+000 172
94 -2.441965e+000 172
95 -2.476550e+000 172
96 -2.487987e+000 172
97 -2.498594e+000 172
98 -2.551526e+000 172
99 -2.553458e+000 172
100 -2.568538e+000 172

#epsilon= 5.600091e-004  dim= 4
0 -5.968552e+000 11
1 -2.445835e+000 11
2 -3.554760e+000 11
3 -2.233359e+000 11
4 -2.733637e+000 11
5 -2.238225e+000 11
6 -2.466797e+000 11
7 -2.133257e+000 11
8 -2.321904e+000 11
9 -2.238894e+000 11
10 -2.273597e+000 11
11 -2.459452e+000 11
12 -2.318757e+000 11
13 -2.295414e+000 11
14 -2.370359e+000 11
15 -2.422279e+000 11
16 -2.349920e+000 11
17 -2.349346e+000 11
18 -2.281295e+000 11
19 -2.413284e+000 11
20 -2.233190e+000 11
21 -2.385551e+000 11
22 -2.229729e+000 11
23 -2.314687e+000 11
24 -2.154391e+000 11
25 -2.504927e+000 11
26 -2.281211e+000 11
27 -2.448979e+000 11
28 -2.396130e+000 11
29 -2.424645e+000 11
30 -2.492408e+000 11
31 -2.343879e+000 11
32 -2.485907e+000 11
33 -2.315164e+000 11
34 -2.394071e+000 11
35 -2.328891e+000 11
36 -2.376004e+000 11
37 -2.306443e+000 11
38 -2.355655e+000 11
39 -2.272250e+000 11
40 -2.191455e+000 11
41 -2.285635e+000 11
42 -2.128893e+000 11
43 -2.339762e+000 11
44 -2.170682e+000 11
45 -2.282630e+000 11
46 -2.252440e+000 11
47 -2.224059e+000 11
48 -2.371106e+000 11
49 -2.182602e+000 11
50 -2.437092e+000 11
51 -2.145962e+000 11
52 -2.402889e+000 11
53 -2.248021e+000 11
54 -2.360212e+000 11
55 -2.186059e+000 11
56 -2.521170e+000 11
57 -2.534313e+000 11
58 -2.443471e+000 11
59 -2.862270e+000 11
60 -2.565167e+000 11
61 -2.568738e+000 11
62 -2.497255e+000 11
63 -2.505946e+000 11
64 -2.402815e+000 11
65 -2.422818e+000 11
66 -2.548015e+000 11
67 -2.471932e+000 11
68 -2.593311e+000 11
69 -2.707574e+000 11
70 -2.524836e+000 11
71 -2.879122e+000 11
72 -2.543093e+000 11
73 -2.725422e+000 11
74 -2.405085e+000 11
75 -2.658609e+000 11
76 -2.418319e+000 11
77 -2.485043e+000 11
78 -2.437296e+000 11
79 -2.285270e+000 11
80 -2.500880e+000 11
81 -2.290200e+000 11
82 -2.570913e+000 11
83 -2.375821e+000 11
84 -2.506253e+000 11
85 -2.154459e+000 11
86 -2.366811e+000 11
87 -2.241318e+000 11
88 -2.270260e+000 11
89 -2.276713e+000 11
90 -1.953865e+000 11
91 -2.152119e+000 11
92 -2.003035e+000 11
93 -2.230750e+000 11
94 -2.085304e+000 11
95 -2.278392e+000 11
96 -2.159460e+000 11
97 -2.302937e+000 11
98 -2.412934e+000 11
99 -2.313237e+000 11
100 -2.345852e+000 11

#epsilon= 5.600091e-004  dim= 5

#epsilon= 5.600091e-004  dim= 6

#epsilon= 5.600091e-004  dim= 7

#epsilon= 5.600091e-004  dim= 8

#epsilon= 5.600091e-004  dim= 9

#epsilon= 5.600091e-004  dim= 10

#epsilon= 9.958527e-004  dim= 3
0 -5.462164e+000 363
1 -2.513748e+000 363
2 -3.306941e+000 363
3 -2.506277e+000 363
4 -2.754702e+000 363
5 -2.515942e+000 363
6 -2.486975e+000 363
7 -2.494382e+000 363
8 -2.454154e+000 363
9 -2.452018e+000 363
10 -2.437899e+000 363
11 -2.441355e+000 363
12 -2.444018e+000 363
13 -2.415708e+000 363
14 -2.444210e+000 363
15 -2.410113e+000 363
16 -2.440514e+000 363
17 -2.427053e+000 363
18 -2.456582e+000 363
19 -2.439761e+000 363
20 -2.456866e+000 363
21 -2.458033e+000 363
22 -2.455705e+000 363
23 -2.440515e+000 363
24 -2.445412e+000 363
25 -2.433584e+000 363
26 -2.440757e+000 363
27 -2.405331e+000 363
28 -2.452684e+000 363
29 -2.353674e+000 363
30 -2.425171e+000 363
31 -2.353165e+000 363
32 -2.401125e+000 363
33 -2.378434e+000 363
34 -2.385355e+000 363
35 -2.386801e+000 363
36 -2.400622e+000 363
37 -2.400558e+000 363
38 -2.408384e+000 363
39 -2.417348e+000 363
40 -2.444383e+000 363
41 -2.430219e+000 363
42 -2.422830e+000 363
43 -2.422442e+000 363
44 -2.433639e+000 363
45 -2.453497e+000 363
46 -2.426004e+000 363
47 -2.454917e+000 363
48 -2.446719e+000 363
49 -2.450850e+000 363
50 -2.437458e+000 363
51 -2.447897e+000 363
52 -2.435683e+000 363
53 -2.451727e+000 363
54 -2.436465e+000 363
55 -2.465600e+000 363
56 -2.408885e+000 363
57 -2.471826e+000 363
58 -2.407837e+000 363
59 -2.455405e+000 363
60 -2.401529e+000 363
61 -2.429138e+000 363
62 -2.438573e+000 363
63 -2.415549e+000 363
64 -2.428434e+000 363
65 -2.426832e+000 363
66 -2.418986e+000 363
67 -2.416609e+000 363
68 -2.408476e+000 363
69 -2.437776e+000 363
70 -2.441213e+000 363
71 -2.432719e+000 363
72 -2.423531e+000 363
73 -2.438113e+000 363
74 -2.418507e+000 363
75 -2.434448e+000 363
76 -2.418634e+000 363
77 -2.423357e+000 363
78 -2.437655e+000 363
79 -2.403418e+000 363
80 -2.430023e+000 363
81 -2.398092e+000 363
82 -2.429320e+000 363
83 -2.390382e+000 363
84 -2.422724e+000 363
85 -2.398818e+000 363
86 -2.424298e+000 363
87 -2.396604e+000 363
88 -2.418706e+000 363
89 -2.411021e+000 363
90 -2.408927e+000 363
91 -2.416203e+000 363
92 -2.404559e+000 363
93 -2.427563e+000 363
94 -2.412116e+000 363
95 -2.418943e+000 363
96 -2.415463e+000 363
97 -2.428550e+000 363
98 -2.425847e+000 363
99 -2.422682e+000 363
100 -2.445634e+000 363

#epsilon= 9.958527e-004  dim= 4
0 -5.426609e+000 81
1 -2.456710e+000 81
2 -3.591965e+000 81
3 -2.373690e+000 81
4 -2.933657e+000 81
5 -2.333342e+000 81
6 -2.598927e+000 81
7 -2.334563e+000 81
8 -2.368896e+000 81
9 -2.366295e+000 81
10 -2.345066e+000 81
11 -2.425843e+000 81
12 -2.338600e+000 81
13 -2.385104e+000 81
14 -2.389729e+000 81
15 -2.383682e+000 81
16 -2.393372e+000 81
17 -2.324981e+000 81
18 -2.385916e+000 81
19 -2.340018e+000 81
20 -2.415869e+000 81
21 -2.359880e+000 81
22 -2.397197e+000 81
23 -2.309394e+000 81
24 -2.397402e+000 81
25 -2.308154e+000 81
26 -2.298796e+000 81
27 -2.283270e+000 81
28 -2.322559e+000 81
29 -2.270002e+000 81
30 -2.336273e+000 81
31 -2.293461e+000 81
32 -2.288320e+000 81
33 -2.302277e+000 81
34 -2.319614e+000 81
35 -2.351476e+000 81
36 -2.372302e+000 81
37 -2.338308e+000 81
38 -2.354728e+000 81
39 -2.348578e+000 81
40 -2.343976e+000 81
41 -2.325628e+000 81
42 -2.322954e+000 81
43 -2.340471e+000 81
44 -2.322822e+000 81
45 -2.362110e+000 81
46 -2.366275e+000 81
47 -2.310767e+000 81
48 -2.403554e+000 81
49 -2.259421e+000 81
50 -2.389941e+000 81
51 -2.316518e+000 81
52 -2.374236e+000 81
53 -2.350266e+000 81
54 -2.365356e+000 81
55 -2.367733e+000 81
56 -2.345632e+000 81
57 -2.379562e+000 81
58 -2.392860e+000 81
59 -2.357858e+000 81
60 -2.400243e+000 81
61 -2.304073e+000 81
62 -2.402989e+000 81
63 -2.291613e+000 81
64 -2.408155e+000 81
65 -2.345220e+000 81
66 -2.377073e+000 81
67 -2.387654e+000 81
68 -2.365966e+000 81
69 -2.385351e+000 81
70 -2.363693e+000 81
71 -2.417304e+000 81
72 -2.335138e+000 81
73 -2.322611e+000 81
74 -2.337199e+000 81
75 -2.302378e+000 81
76 -2.300755e+000 81
77 -2.308031e+000 81
78 -2.293050e+000 81
79 -2.298988e+000 81
80 -2.326265e+000 81
81 -2.373273e+000 81
82 -2.373785e+000 81
83 -2.408629e+000 81
84 -2.401958e+000 81
85 -2.352532e+000 81
86 -2.367589e+000 81
87 -2.340253e+000 81
88 -2.321589e+000 81
89 -2.298839e+000 81
90 -2.231769e+000 81
91 -2.297504e+000 81
92 -2.253156e+000 81
93 -2.333235e+000 81
94 -2.308814e+000 81
95 -2.312481e+000 81
96 -2.261273e+000 81
97 -2.256735e+000 81
98 -2.293044e+000 81
99 -2.257959e+000 81
100 -2.301408e+000 81

#epsilon= 9.958527e-004  dim= 5
0 -5.426367e+000 6
1 -2.228224e+000 6
2 -3.826893e+000 6
3 -2.157097e+000 6
4 -2.986639e+000 6
5 -2.194366e+000 6
6 -2.474571e+000 6
7 -2.211564e+000 6
8 -2.151647e+000 6
9 -2.333314e+000 6
10 -2.097214e+000 6
11 -2.273305e+000 6
12 -2.046531e+000 6
13 -2.385440e+000 6
14 -2.186595e+000 6
15 -1.990603e+000 6
16 -2.311082e+000 6
17 -2.061662e+000 6
18 -2.198045e+000 6
19 -1.925658e+000 6
20 -2.132608e+000 6
21 -1.923282e+000 6
22 -2.059965e+000 6
23 -1.815514e+000 6
24 -1.958201e+000 6
25 -2.072981e+000 6
26 -1.944164e+000 6
27 -1.843810e+000 6
28 -2.058015e+000 6
29 -1.955039e+000 6
30 -2.109616e+000 6
31 -1.870101e+000 6
32 -2.143000e+000 6
33 -1.856104e+000 6
34 -2.180555e+000 6
35 -1.896197e+000 6
36 -2.380697e+000 6
37 -2.100262e+000 6
38 -2.241878e+000 6
39 -2.123387e+000 6
40 -2.264372e+000 6
41 -2.292978e+000 6
42 -2.405919e+000 6
43 -2.463459e+000 6
44 -2.436157e+000 6
45 -2.351347e+000 6
46 -2.413567e+000 6
47 -2.287691e+000 6
48 -2.688325e+000 6
49 -2.263903e+000 6
50 -2.609518e+000 6
51 -2.335563e+000 6
52 -2.348611e+000 6
53 -2.139805e+000 6
54 -2.291835e+000 6
55 -2.043635e+000 6
56 -2.320176e+000 6
57 -2.040501e+000 6
58 -2.244056e+000 6
59 -2.056247e+000 6
60 -2.232445e+000 6
61 -2.083298e+000 6
62 -2.428744e+000 6
63 -2.097269e+000 6
64 -2.353813e+000 6
65 -2.119528e+000 6
66 -2.245435e+000 6
67 -2.316741e+000 6
68 -2.320468e+000 6
69 -2.312489e+000 6
70 -2.433296e+000 6
71 -2.230524e+000 6
72 -2.394941e+000 6
73 -2.272516e+000 6
74 -2.229724e+000 6
75 -2.305815e+000 6
76 -2.284608e+000 6
77 -2.354872e+000 6
78 -2.289436e+000 6
79 -2.457997e+000 6
80 -2.303096e+000 6
81 -2.432240e+000 6
82 -2.166469e+000 6
83 -2.293563e+000 6
84 -2.376282e+000 6
85 -2.284724e+000 6
86 -2.104495e+000 6
87 -2.208227e+000 6
88 -1.959521e+000 6
89 -2.088276e+000 6
90 -1.962736e+000 6
91 -1.979423e+000 6
92 -1.914199e+000 6
93 -2.136556e+000 6
94 -1.830781e+000 6
95 -2.098168e+000 6
96 -2.115810e+000 6
97 -2.114546e+000 6
98 -2.256431e+000 6
99 -2.026224e+000 6
100 -2.263081e+000 6

#epsilon= 9.958527e-004  dim= 6

#epsilon= 9.958527e-004  dim= 7

#epsilon= 9.958527e-004  dim= 8

#epsilon= 9.958527e-004  dim= 9

#epsilon= 9.958527e-004  dim= 10

#epsilon= 1.770904e-003  dim= 3
0 -4.875308e+000 457
1 -2.427363e+000 457
2 -3.040665e+000 457
3 -2.419828e+000 457
4 -2.610472e+000 457
5 -2.408057e+000 457
6 -2.374540e+000 457
7 -2.391599e+000 457
8 -2.368554e+000 457
9 -2.361567e+000 457
10 -2.364494e+000 457
11 -2.362328e+000 457
12 -2.358232e+000 457
13 -2.357445e+000 457
14 -2.363496e+000 457
15 -2.362571e+000 457
16 -2.369878e+000 457
17 -2.364413e+000 457
18 -2.373855e+000 457
19 -2.370657e+000 457
20 -2.364052e+000 457
21 -2.375047e+000 457
22 -2.355622e+000 457
23 -2.364647e+000 457
24 -2.358526e+000 457
25 -2.354191e+000 457
26 -2.354915e+000 457
27 -2.336045e+000 457
28 -2.359344e+000 457
29 -2.321525e+000 457
30 -2.345401e+000 457
31 -2.329599e+000 457
32 -2.338474e+000 457
33 -2.330874e+000 457
34 -2.337364e+000 457
35 -2.331951e+000 457
36 -2.334775e+000 457
37 -2.322185e+000 457
38 -2.344125e+000 457
39 -2.342081e+000 457
40 -2.353995e+000 457
41 -2.345591e+000 457
42 -2.361572e+000 457
43 -2.342263e+000 457
44 -2.361772e+000 457
45 -2.336853e+000 457
46 -2.360460e+000 457
47 -2.345005e+000 457
48 -2.356566e+000 457
49 -2.348322e+000 457
50 -2.354318e+000 457
51 -2.355081e+000 457
52 -2.363670e+000 457
53 -2.359046e+000 457
54 -2.363841e+000 457
55 -2.363660e+000 457
56 -2.353140e+000 457
57 -2.368961e+000 457
58 -2.343865e+000 457
59 -2.362364e+000 457
60 -2.345785e+000 457
61 -2.361350e+000 457
62 -2.357286e+000 457
63 -2.359384e+000 457
64 -2.359163e+000 457
65 -2.359082e+000 457
66 -2.352727e+000 457
67 -2.359102e+000 457
68 -2.342296e+000 457
69 -2.366307e+000 457
70 -2.357228e+000 457
71 -2.379735e+000 457
72 -2.361452e+000 457
73 -2.366958e+000 457
74 -2.368568e+000 457
75 -2.361908e+000 457
76 -2.357835e+000 457
77 -2.349381e+000 457
78 -2.351471e+000 457
79 -2.348998e+000 457
80 -2.345827e+000 457
81 -2.340546e+000 457
82 -2.366189e+000 457
83 -2.344607e+000 457
84 -2.355150e+000 457
85 -2.346778e+000 457
86 -2.354305e+000 457
87 -2.367587e+000 457
88 -2.346338e+000 457
89 -2.358133e+000 457
90 -2.324573e+000 457
91 -2.350038e+000 457
92 -2.326534e+000 457
93 -2.349231e+000 457
94 -2.332435e+000 457
95 -2.360211e+000 457
96 -2.355081e+000 457
97 -2.350464e+000 457
98 -2.355670e+000 457
99 -2.333114e+000 457
100 -2.347717e+000 457

#epsilon= 1.770904e-003  dim= 4
0 -4.847371e+000 272
1 -2.429733e+000 272
2 -3.311721e+000 272
3 -2.432940e+000 272
4 -2.825254e+000 272
5 -2.402942e+000 272
6 -2.535873e+000 272
7 -2.370870e+000 272
8 -2.352272e+000 272
9 -2.317822e+000 272
10 -2.321949e+000 272
11 -2.279238e+000 272
12 -2.309618e+000 272
13 -2.261998e+000 272
14 -2.320998e+000 272
15 -2.248448e+000 272
16 -2.310224e+000 272
17 -2.260391e+000 272
18 -2.301694e+000 272
19 -2.295508e+000 272
20 -2.303961e+000 272
21 -2.318918e+000 272
22 -2.310008e+000 272
23 -2.316883e+000 272
24 -2.300701e+000 272
25 -2.288227e+000 272
26 -2.293341e+000 272
27 -2.275671e+000 272
28 -2.281259e+000 272
29 -2.245162e+000 272
30 -2.262039e+000 272
31 -2.242307e+000 272
32 -2.243728e+000 272
33 -2.246614e+000 272
34 -2.250714e+000 272
35 -2.248425e+000 272
36 -2.251995e+000 272
37 -2.265489e+000 272
38 -2.256950e+000 272
39 -2.276747e+000 272
40 -2.256842e+000 272
41 -2.276742e+000 272
42 -2.247528e+000 272
43 -2.279221e+000 272
44 -2.263291e+000 272
45 -2.296151e+000 272
46 -2.256042e+000 272
47 -2.277869e+000 272
48 -2.270302e+000 272
49 -2.281408e+000 272
50 -2.258440e+000 272
51 -2.274878e+000 272
52 -2.261203e+000 272
53 -2.259009e+000 272
54 -2.298771e+000 272
55 -2.281285e+000 272
56 -2.281960e+000 272
57 -2.295074e+000 272
58 -2.267727e+000 272
59 -2.296673e+000 272
60 -2.269200e+000 272
61 -2.284831e+000 272
62 -2.253484e+000 272
63 -2.289691e+000 272
64 -2.237723e+000 272
65 -2.297805e+000 272
66 -2.241019e+000 272
67 -2.274313e+000 272
68 -2.224734e+000 272
69 -2.252933e+000 272
70 -2.221662e+000 272
71 -2.254738e+000 272
72 -2.246069e+000 272
73 -2.258830e+000 272
74 -2.257786e+000 272
75 -2.279329e+000 272
76 -2.283644e+000 272
77 -2.291284e+000 272
78 -2.265757e+000 272
79 -2.289382e+000 272
80 -2.262934e+000 272
81 -2.275491e+000 272
82 -2.292481e+000 272
83 -2.268017e+000 272
84 -2.289742e+000 272
85 -2.259857e+000 272
86 -2.251178e+000 272
87 -2.251166e+000 272
88 -2.233431e+000 272
89 -2.261967e+000 272
90 -2.241254e+000 272
91 -2.244584e+000 272
92 -2.256775e+000 272
93 -2.240517e+000 272
94 -2.273532e+000 272
95 -2.257933e+000 272
96 -2.261337e+000 272
97 -2.243912e+000 272
98 -2.247998e+000 272
99 -2.244453e+000 272
100 -2.243723e+000 272

#epsilon= 1.770904e-003  dim= 5
0 -4.786961e+000 76
1 -2.510891e+000 76
2 -3.435363e+000 76
3 -2.489548e+000 76
4 -2.864764e+000 76
5 -2.470435e+000 76
6 -2.596054e+000 76
7 -2.400599e+000 76
8 -2.377828e+000 76
9 -2.360961e+000 76
10 -2.250017e+000 76
11 -2.298974e+000 76
12 -2.214307e+000 76
13 -2.269747e+000 76
14 -2.259327e+000 76
15 -2.202783e+000 76
16 -2.257429e+000 76
17 -2.176344e+000 76
18 -2.252685e+000 76
19 -2.185546e+000 76
20 -2.271111e+000 76
21 -2.176106e+000 76
22 -2.310103e+000 76
23 -2.167609e+000 76
24 -2.246654e+000 76
25 -2.175641e+000 76
26 -2.218875e+000 76
27 -2.203400e+000 76
28 -2.240924e+000 76
29 -2.191248e+000 76
30 -2.221867e+000 76
31 -2.177753e+000 76
32 -2.203373e+000 76
33 -2.187250e+000 76
34 -2.224274e+000 76
35 -2.201622e+000 76
36 -2.205248e+000 76
37 -2.221191e+000 76
38 -2.144753e+000 76
39 -2.211945e+000 76
40 -2.168779e+000 76
41 -2.207678e+000 76
42 -2.163595e+000 76
43 -2.207067e+000 76
44 -2.114715e+000 76
45 -2.169977e+000 76
46 -2.150484e+000 76
47 -2.128124e+000 76
48 -2.209691e+000 76
49 -2.095991e+000 76
50 -2.214333e+000 76
51 -2.072195e+000 76
52 -2.139271e+000 76
53 -2.093899e+000 76
54 -2.181244e+000 76
55 -2.116198e+000 76
56 -2.179366e+000 76
57 -2.135287e+000 76
58 -2.169325e+000 76
59 -2.146591e+000 76
60 -2.159490e+000 76
61 -2.190207e+000 76
62 -2.221004e+000 76
63 -2.207112e+000 76
64 -2.192032e+000 76
65 -2.173438e+000 76
66 -2.185967e+000 76
67 -2.187283e+000 76
68 -2.180413e+000 76
69 -2.160493e+000 76
70 -2.152646e+000 76
71 -2.143042e+000 76
72 -2.129122e+000 76
73 -2.115290e+000 76
74 -2.146577e+000 76
75 -2.145685e+000 76
76 -2.159256e+000 76
77 -2.174304e+000 76
78 -2.191150e+000 76
79 -2.200150e+000 76
80 -2.208870e+000 76
81 -2.178690e+000 76
82 -2.217911e+000 76
83 -2.236571e+000 76
84 -2.218574e+000 76
85 -2.211375e+000 76
86 -2.176431e+000 76
87 -2.202428e+000 76
88 -2.160333e+000 76
89 -2.215928e+000 76
90 -2.163272e+000 76
91 -2.202236e+000 76
92 -2.142107e+000 76
93 -2.193128e+000 76
94 -2.152057e+000 76
95 -2.181560e+000 76
96 -2.198391e+000 76
97 -2.136570e+000 76
98 -2.160746e+000 76
99 -2.137623e+000 76
100 -2.102381e+000 76

#epsilon= 1.770904e-003  dim= 6
0 -4.783947e+000 5
1 -2.299676e+000 5
2 -3.573263e+000 5
3 -2.293957e+000 5
4 -2.537400e+000 5
5 -2.346843e+000 5
6 -2.266104e+000 5
7 -2.345879e+000 5
8 -2.126173e+000 5
9 -2.503617e+000 5
10 -2.084073e+000 5
11 -2.550051e+000 5
12 -1.889247e+000 5
13 -2.320314e+000 5
14 -1.777311e+000 5
15 -1.882740e+000 5
16 -1.829904e+000 5
17 -1.845834e+000 5
18 -1.817369e+000 5
19 -1.848661e+000 5
20 -1.811437e+000 5
21 -1.807103e+000 5
22 -1.857142e+000 5
23 -1.761191e+000 5
24 -1.852040e+000 5
25 -1.764042e+000 5
26 -1.913013e+000 5
27 -2.077072e+000 5
28 -1.934484e+000 5
29 -2.107983e+000 5
30 -2.030504e+000 5
31 -2.064189e+000 5
32 -2.182011e+000 5
33 -2.125000e+000 5
34 -2.131986e+000 5
35 -2.204416e+000 5
36 -2.115069e+000 5
37 -2.312436e+000 5
38 -2.165082e+000 5
39 -2.370571e+000 5
40 -2.180626e+000 5
41 -2.437367e+000 5
42 -2.173051e+000 5
43 -2.419539e+000 5
44 -2.217814e+000 5
45 -2.523190e+000 5
46 -2.193478e+000 5
47 -2.438425e+000 5
48 -2.433457e+000 5
49 -2.530093e+000 5
50 -2.331703e+000 5
51 -2.321404e+000 5
52 -2.356339e+000 5
53 -2.175984e+000 5
54 -2.403897e+000 5
55 -2.151335e+000 5
56 -2.321999e+000 5
57 -2.109837e+000 5
58 -2.051623e+000 5
59 -2.135550e+000 5
60 -1.998020e+000 5
61 -2.006213e+000 5
62 -1.968834e+000 5
63 -1.976560e+000 5
64 -1.930851e+000 5
65 -2.055231e+000 5
66 -1.926588e+000 5
67 -2.037363e+000 5
68 -1.942544e+000 5
69 -2.003351e+000 5
70 -2.213265e+000 5
71 -1.928411e+000 5
72 -2.007191e+000 5
73 -2.005459e+000 5
74 -2.048707e+000 5
75 -2.074196e+000 5
76 -2.168963e+000 5
77 -2.172666e+000 5
78 -2.187128e+000 5
79 -2.203233e+000 5
80 -2.262849e+000 5
81 -2.117064e+000 5
82 -2.283634e+000 5
83 -2.122574e+000 5
84 -2.404488e+000 5
85 -2.174615e+000 5
86 -2.333791e+000 5
87 -2.103838e+000 5
88 -2.342343e+000 5
89 -2.018113e+000 5
90 -2.109514e+000 5
91 -1.876077e+000 5
92 -2.085297e+000 5
93 -2.022945e+000 5
94 -2.086014e+000 5
95 -1.620020e+000 5
96 -2.062847e+000 5
97 -1.619684e+000 5
98 -1.960102e+000 5
99 -1.623190e+000 5
100 -1.876489e+000 5

#epsilon= 1.770904e-003  dim= 7

#epsilon= 1.770904e-003  dim= 8

#epsilon= 1.770904e-003  dim= 9

#epsilon= 1.770904e-003  dim= 10

