# average=-5.420429e-005
# standard deviation=8.266273e-003
0 1.000000e+000
1 -8.551263e-004
2 3.942446e-003
3 4.958946e-004
4 1.913533e-002
5 6.818544e-003
6 -1.328250e-002
7 1.140329e-002
8 -8.770525e-005
9 -6.315025e-003
10 -1.424396e-002
11 -5.777515e-003
12 5.759095e-003
13 5.645784e-003
14 6.274511e-003
15 -9.614519e-005
16 9.198607e-004
17 6.661851e-003
18 -1.137522e-002
19 -1.762694e-003
20 -1.208562e-002
21 5.633757e-003
22 -9.459620e-005
23 -1.022413e-002
24 -1.649353e-002
25 8.649703e-003
26 8.283807e-003
27 -2.211058e-003
28 1.346936e-002
29 -1.177484e-002
30 -9.521376e-004
31 -1.206548e-002
32 6.728865e-003
33 4.499108e-003
34 -2.551008e-003
35 1.021910e-003
36 -1.413648e-002
37 4.621629e-003
38 2.053499e-003
39 -1.706170e-002
40 -8.315273e-003
41 7.569854e-003
42 -9.743127e-003
43 -1.256550e-002
44 -1.534950e-002
45 -1.040655e-003
46 4.702988e-003
47 -5.515586e-003
48 -2.455338e-002
49 5.359821e-003
50 1.099092e-002
51 1.952922e-003
52 -7.218085e-003
53 1.889891e-004
54 -2.434665e-002
55 -1.482152e-002
56 -1.759008e-002
57 2.570517e-003
58 -1.111516e-002
59 6.986590e-004
60 -5.165514e-003
61 -1.599406e-002
62 5.078537e-003
63 -2.047940e-002
64 -1.508315e-002
65 3.499054e-003
66 -7.911399e-003
67 1.990481e-003
68 -6.371244e-003
69 9.130090e-003
70 -1.051420e-002
71 -3.254743e-003
72 -5.746672e-003
73 -1.320760e-002
74 1.163207e-002
75 -1.082690e-002
76 1.053189e-002
77 2.779385e-002
78 9.883170e-003
79 -7.790039e-003
80 2.092697e-003
81 1.514440e-002
82 5.870131e-003
83 1.077152e-002
84 4.403142e-003
85 -1.371912e-003
86 2.502180e-003
87 -8.951019e-003
88 -8.294342e-003
89 -3.049132e-004
90 -2.881228e-003
91 2.356927e-002
92 2.375536e-002
93 2.018378e-002
94 -1.103486e-002
95 -9.493007e-003
96 -4.681862e-003
97 -5.048513e-003
98 -1.789059e-003
99 -6.874655e-003
100 9.693184e-004
101 7.305129e-003
102 -1.259381e-002
103 -1.789670e-003
104 6.489281e-003
105 1.399388e-003
106 -1.343847e-002
107 -9.327353e-004
108 -1.335748e-003
109 -1.158402e-002
110 -1.001622e-004
111 1.320064e-002
112 1.206303e-002
113 1.885200e-002
114 2.058517e-002
115 1.118301e-003
116 9.877728e-003
117 1.644249e-002
118 -7.583176e-003
119 -8.102767e-003
120 1.674098e-002
121 1.550643e-002
122 2.850177e-003
123 -1.010412e-002
124 -2.529712e-003
125 1.410908e-002
126 6.213090e-003
127 -1.129423e-002
128 8.539966e-003
129 -5.497302e-003
130 1.078170e-002
131 -8.992683e-003
132 -1.131622e-002
133 1.004320e-002
134 1.478783e-002
135 -1.486381e-002
136 -9.072312e-003
137 -1.822806e-004
138 -5.356273e-003
139 -3.816271e-003
140 -5.318806e-003
141 2.563104e-002
142 1.340139e-002
143 -1.204136e-002
144 -8.692868e-003
145 -2.190145e-002
146 -3.872500e-003
147 -3.853024e-003
148 -2.179563e-003
149 -7.006523e-003
150 4.496541e-003
151 -1.665972e-003
152 1.099107e-002
153 7.718396e-003
154 -9.966509e-003
155 -3.179608e-003
156 -1.851978e-002
157 1.397570e-002
158 5.050259e-003
159 -2.012959e-003
160 2.620313e-002
161 8.323326e-003
162 2.717921e-002
163 2.867890e-003
164 7.912361e-003
165 -1.842891e-003
166 -1.963670e-002
167 3.063846e-002
168 -3.795517e-003
169 1.464780e-002
170 -5.754093e-003
171 -6.898704e-003
172 -7.232773e-003
173 1.595431e-002
174 -1.922757e-003
175 -3.809364e-003
176 -7.239235e-003
177 -1.286013e-002
178 9.991929e-003
179 2.548903e-003
180 -2.486102e-003
181 9.325316e-004
182 -9.241045e-004
183 3.242625e-003
184 1.254616e-002
185 1.671635e-002
186 2.281982e-002
187 -1.743439e-003
188 -2.468122e-002
189 -5.372754e-003
190 2.450593e-002
191 6.658131e-003
192 -7.848993e-004
193 -1.445521e-002
194 6.861580e-003
195 1.153135e-004
196 -7.971900e-003
197 -1.359198e-002
198 4.997284e-004
199 -4.492863e-003
200 -6.858509e-003
201 1.331780e-002
202 -4.788074e-003
203 5.933737e-003
204 -1.211102e-002
205 6.228575e-003
206 -7.488470e-003
207 1.636971e-003
208 -7.387356e-003
209 -9.320429e-003
210 1.209520e-002
211 1.750568e-002
212 2.399171e-002
213 2.210529e-004
214 -5.731221e-003
215 -2.049889e-002
216 -1.316007e-003
217 -2.008528e-002
218 -4.574692e-003
219 -3.918736e-003
220 -4.610609e-003
221 -5.403041e-003
222 2.529213e-003
223 -2.216680e-002
224 -1.483631e-002
225 -1.057010e-002
226 -1.142872e-002
227 5.654846e-003
228 -1.066759e-005
229 1.875429e-002
230 -1.132937e-002
231 7.062740e-003
232 1.386350e-002
233 2.931727e-003
234 1.833191e-002
235 2.644181e-003
236 -2.519571e-003
237 -4.823651e-003
238 -1.261753e-004
239 -4.154122e-003
240 9.293222e-003
241 1.848266e-002
242 -3.117200e-002
243 -7.530344e-003
244 1.804358e-002
245 -6.180884e-003
246 1.053955e-002
247 -7.960564e-004
248 6.492834e-003
249 -8.973641e-003
250 -1.340511e-002
251 -9.050784e-003
252 3.715812e-003
253 2.606958e-002
254 5.060429e-003
255 1.907332e-002
256 -1.250412e-002
257 -2.266071e-002
258 -1.106684e-002
259 -8.641567e-003
260 -1.221012e-002
261 1.597500e-003
262 9.540144e-003
263 6.118403e-004
264 3.673358e-003
265 -7.500353e-004
266 1.749984e-002
267 7.516862e-003
268 -1.344597e-002
269 -1.585467e-002
270 -1.440452e-002
271 -7.694671e-003
272 2.687219e-003
273 -1.380798e-004
274 -1.408334e-004
275 -1.360844e-002
276 -7.941936e-003
277 -5.617032e-003
278 9.159738e-003
279 1.034886e-003
280 5.353493e-003
281 -1.110012e-003
282 3.083085e-003
283 2.023620e-002
284 -1.490724e-002
285 -1.104206e-003
286 -1.022795e-002
287 8.713562e-003
288 -7.757156e-003
289 -6.746594e-003
290 -1.024055e-002
291 -9.733022e-003
292 -6.320862e-003
293 -1.452516e-002
294 1.163238e-002
295 -5.001911e-004
296 -2.337571e-003
297 -4.372686e-003
298 -7.086933e-003
299 1.926597e-002
300 8.454811e-004
301 -5.899611e-003
302 1.552199e-002
303 4.197491e-003
304 1.002796e-002
305 -1.041788e-002
306 1.127027e-003
307 8.722895e-003
308 6.984378e-003
309 -2.955456e-002
310 2.451355e-003
311 1.557562e-002
312 -8.237974e-003
313 3.890816e-003
314 4.478336e-003
315 6.441106e-003
316 -1.464202e-002
317 2.091866e-003
318 -4.021302e-003
319 -9.090598e-004
320 2.304753e-003
321 -4.119622e-003
322 1.000070e-002
323 9.119028e-003
324 1.468069e-002
325 1.774495e-002
326 -4.854971e-003
327 1.081131e-002
328 -2.508772e-002
329 2.004870e-002
330 6.164239e-003
331 1.319725e-002
332 2.616695e-002
333 -6.661426e-004
334 9.590612e-003
335 8.186037e-004
336 1.223447e-002
337 -1.024070e-002
338 -1.203036e-002
339 7.178155e-004
340 -7.961085e-004
341 -1.386664e-002
342 -6.030535e-004
343 2.630548e-003
344 3.214412e-003
345 -1.161660e-002
346 -8.525142e-003
347 4.703182e-003
348 8.219379e-003
349 -2.005251e-002
350 -2.657540e-003
351 1.058517e-002
352 3.311931e-003
353 -5.198781e-003
354 5.371197e-004
355 4.363073e-003
356 2.888130e-003
357 -7.302893e-003
358 -2.380935e-002
359 1.394318e-002
360 -2.133348e-002
361 -1.093178e-002
362 -1.484385e-002
363 1.765022e-002
364 7.315369e-003
365 -2.071455e-004
366 -5.706026e-003
367 -4.424677e-002
368 1.433150e-002
369 5.912423e-003
370 -8.509667e-003
371 6.963450e-004
372 5.106380e-003
373 -1.654738e-002
374 3.393673e-003
375 -1.403561e-002
376 -4.961288e-003
377 -2.663055e-003
378 -6.137757e-004
379 1.132653e-002
380 4.975178e-003
381 1.759525e-003
382 -4.478656e-003
383 2.583924e-002
384 -1.157314e-002
385 7.732586e-004
386 -1.295019e-002
387 2.699803e-003
388 -2.474851e-002
389 -3.454413e-004
390 -2.586525e-002
391 1.228659e-002
392 4.505701e-003
393 -2.386313e-002
394 4.791461e-003
395 -8.734112e-003
396 2.748403e-002
397 4.283592e-003
398 3.991717e-004
399 7.582366e-003
400 -7.682048e-003
401 -3.265900e-003
402 -1.345817e-003
403 8.669790e-003
404 -5.310024e-003
405 -1.014166e-002
406 9.508794e-003
407 -4.733546e-003
408 3.050728e-004
409 -6.452659e-004
410 4.635398e-003
411 6.015730e-003
412 5.959385e-003
413 1.839877e-002
414 1.301928e-002
415 1.379680e-003
416 3.153313e-002
417 -2.099733e-002
418 6.762369e-003
419 -6.111639e-004
420 -1.132493e-002
421 -3.489594e-003
422 -2.622774e-003
423 1.036758e-002
424 1.770622e-002
425 -9.781567e-003
426 -1.676215e-002
427 -1.698193e-002
428 1.187746e-002
429 -9.432859e-003
430 -9.398952e-003
431 1.870474e-002
432 -9.099436e-003
433 2.015616e-002
434 -3.207982e-002
435 2.025944e-002
436 3.036648e-004
437 -3.644450e-003
438 -9.238042e-003
439 1.127498e-002
440 1.378645e-002
441 3.044387e-003
442 -1.405793e-002
443 6.152782e-003
444 4.423146e-003
445 -5.842984e-003
446 1.684539e-002
447 -4.953878e-003
448 2.691623e-003
449 1.834795e-002
450 3.187833e-003
451 -6.011319e-003
452 -1.259192e-002
453 2.789966e-003
454 2.206316e-002
455 -2.366578e-002
456 7.658977e-003
457 1.343475e-002
458 -1.773642e-002
459 2.980701e-002
460 -1.299783e-002
461 -3.837185e-003
462 -1.163134e-004
463 -1.648434e-003
464 -2.585602e-003
465 1.491320e-002
466 -8.974272e-003
467 -9.224875e-003
468 1.965942e-002
469 5.367200e-003
470 -5.362019e-003
471 -1.581653e-002
472 1.709647e-002
473 2.165757e-002
474 3.767674e-003
475 6.168745e-003
476 1.538157e-002
477 -2.210968e-002
478 -1.284285e-002
479 -1.439864e-002
480 -2.304113e-002
481 -3.240920e-003
482 -1.614680e-002
483 -2.992408e-003
484 -4.406605e-003
485 1.123246e-002
486 1.694712e-002
487 1.625404e-003
488 -1.515675e-002
489 -1.085357e-002
490 9.200942e-003
491 -1.850702e-002
492 1.327403e-002
493 1.871243e-002
494 5.228031e-003
495 -4.268559e-003
496 -1.158907e-002
497 1.710228e-002
498 8.258101e-003
499 7.869441e-003
500 4.728715e-003
