#epsilon= 1.265180e-004  dim= 3
0 -7.258415e+000 9
1 -2.313531e+000 9
2 -2.415055e+000 9
3 -3.470810e+000 9
4 -2.536318e+000 9
5 -2.486262e+000 9
6 -3.059068e+000 9
7 -2.583134e+000 9
8 -2.475891e+000 9
9 -2.669008e+000 9
10 -2.571795e+000 9
11 -2.672726e+000 9
12 -2.567907e+000 9
13 -2.758844e+000 9
14 -2.363260e+000 9
15 -2.545898e+000 9
16 -2.717905e+000 9
17 -2.174818e+000 9
18 -2.799728e+000 9
19 -2.691605e+000 9
20 -2.274422e+000 9
21 -2.657840e+000 9
22 -2.270220e+000 9
23 -2.417839e+000 9
24 -2.596061e+000 9
25 -2.231453e+000 9
26 -2.641286e+000 9
27 -2.502276e+000 9
28 -2.117461e+000 9
29 -2.160416e+000 9
30 -2.377348e+000 9
31 -2.558012e+000 9
32 -2.109390e+000 9
33 -2.222578e+000 9
34 -2.609583e+000 9
35 -2.055051e+000 9
36 -2.192472e+000 9
37 -2.520279e+000 9
38 -2.270829e+000 9
39 -2.129322e+000 9
40 -2.379071e+000 9
41 -2.362849e+000 9
42 -2.133251e+000 9
43 -2.389540e+000 9
44 -2.452879e+000 9
45 -2.269412e+000 9
46 -2.419240e+000 9
47 -2.268121e+000 9
48 -2.259365e+000 9
49 -2.475395e+000 9
50 -1.985442e+000 9
51 -1.980105e+000 9
52 -2.274621e+000 9
53 -1.758184e+000 9
54 -2.046410e+000 9
55 -2.083520e+000 9
56 -1.825910e+000 9
57 -1.967109e+000 9
58 -2.183546e+000 9
59 -1.949515e+000 9
60 -2.277598e+000 9
61 -2.282130e+000 9
62 -2.528882e+000 9
63 -2.271419e+000 9
64 -2.507510e+000 9
65 -2.333840e+000 9
66 -2.382604e+000 9
67 -2.316690e+000 9
68 -2.334855e+000 9
69 -2.291855e+000 9
70 -2.248432e+000 9
71 -2.336156e+000 9
72 -2.204621e+000 9
73 -2.240954e+000 9
74 -2.258446e+000 9
75 -2.126528e+000 9
76 -2.170162e+000 9
77 -2.067166e+000 9
78 -2.036592e+000 9
79 -2.077799e+000 9
80 -2.165734e+000 9
81 -2.228067e+000 9
82 -2.358924e+000 9
83 -2.386470e+000 9
84 -2.486956e+000 9
85 -2.599550e+000 9
86 -2.848196e+000 9
87 -2.570471e+000 9
88 -2.835859e+000 9
89 -2.408319e+000 9
90 -2.827437e+000 9
91 -2.386478e+000 9
92 -2.215106e+000 9
93 -2.680066e+000 9
94 -2.333255e+000 9
95 -2.032028e+000 9
96 -2.494257e+000 9
97 -2.171073e+000 9
98 -2.101757e+000 9
99 -2.120555e+000 9
100 -2.190312e+000 9

#epsilon= 2.249843e-004  dim= 3
0 -6.721627e+000 37
1 -2.489950e+000 37
2 -2.482913e+000 37
3 -3.737603e+000 37
4 -2.497679e+000 37
5 -2.612765e+000 37
6 -2.983954e+000 37
7 -2.685208e+000 37
8 -2.632485e+000 37
9 -2.588500e+000 37
10 -2.467652e+000 37
11 -2.622238e+000 37
12 -2.489063e+000 37
13 -2.556646e+000 37
14 -2.551263e+000 37
15 -2.425026e+000 37
16 -2.499553e+000 37
17 -2.421438e+000 37
18 -2.476869e+000 37
19 -2.544826e+000 37
20 -2.476192e+000 37
21 -2.404108e+000 37
22 -2.471459e+000 37
23 -2.273905e+000 37
24 -2.404171e+000 37
25 -2.557941e+000 37
26 -2.409246e+000 37
27 -2.369438e+000 37
28 -2.502017e+000 37
29 -2.306784e+000 37
30 -2.414013e+000 37
31 -2.624407e+000 37
32 -2.365407e+000 37
33 -2.372264e+000 37
34 -2.670091e+000 37
35 -2.236453e+000 37
36 -2.381481e+000 37
37 -2.544320e+000 37
38 -2.294625e+000 37
39 -2.375840e+000 37
40 -2.434591e+000 37
41 -2.328296e+000 37
42 -2.319266e+000 37
43 -2.375426e+000 37
44 -2.388701e+000 37
45 -2.409484e+000 37
46 -2.462195e+000 37
47 -2.346704e+000 37
48 -2.470433e+000 37
49 -2.428048e+000 37
50 -2.273918e+000 37
51 -2.399123e+000 37
52 -2.356297e+000 37
53 -2.151423e+000 37
54 -2.366833e+000 37
55 -2.315973e+000 37
56 -2.059741e+000 37
57 -2.211466e+000 37
58 -2.366761e+000 37
59 -2.065776e+000 37
60 -2.228911e+000 37
61 -2.459478e+000 37
62 -2.233128e+000 37
63 -2.219462e+000 37
64 -2.520322e+000 37
65 -2.306126e+000 37
66 -2.256357e+000 37
67 -2.522573e+000 37
68 -2.385802e+000 37
69 -2.357918e+000 37
70 -2.480624e+000 37
71 -2.414302e+000 37
72 -2.429162e+000 37
73 -2.477759e+000 37
74 -2.450650e+000 37
75 -2.431784e+000 37
76 -2.449415e+000 37
77 -2.462636e+000 37
78 -2.330015e+000 37
79 -2.487898e+000 37
80 -2.385336e+000 37
81 -2.225064e+000 37
82 -2.403068e+000 37
83 -2.381247e+000 37
84 -2.233299e+000 37
85 -2.429358e+000 37
86 -2.515104e+000 37
87 -2.246403e+000 37
88 -2.524967e+000 37
89 -2.527974e+000 37
90 -2.488607e+000 37
91 -2.611181e+000 37
92 -2.459739e+000 37
93 -2.523815e+000 37
94 -2.494144e+000 37
95 -2.360154e+000 37
96 -2.558371e+000 37
97 -2.472288e+000 37
98 -2.336791e+000 37
99 -2.380217e+000 37
100 -2.485253e+000 37

#epsilon= 4.000849e-004  dim= 3
0 -6.063582e+000 148
1 -2.507663e+000 148
2 -2.432304e+000 148
3 -3.408410e+000 148
4 -2.527879e+000 148
5 -2.423574e+000 148
6 -2.717268e+000 148
7 -2.528161e+000 148
8 -2.449882e+000 148
9 -2.416329e+000 148
10 -2.469603e+000 148
11 -2.502032e+000 148
12 -2.384460e+000 148
13 -2.464412e+000 148
14 -2.434525e+000 148
15 -2.434984e+000 148
16 -2.418947e+000 148
17 -2.375133e+000 148
18 -2.473637e+000 148
19 -2.386729e+000 148
20 -2.374655e+000 148
21 -2.453695e+000 148
22 -2.387931e+000 148
23 -2.352662e+000 148
24 -2.418747e+000 148
25 -2.444339e+000 148
26 -2.373789e+000 148
27 -2.365186e+000 148
28 -2.413252e+000 148
29 -2.324125e+000 148
30 -2.351269e+000 148
31 -2.346138e+000 148
32 -2.323056e+000 148
33 -2.344188e+000 148
34 -2.380673e+000 148
35 -2.288203e+000 148
36 -2.329694e+000 148
37 -2.354356e+000 148
38 -2.299220e+000 148
39 -2.303785e+000 148
40 -2.393161e+000 148
41 -2.317333e+000 148
42 -2.354429e+000 148
43 -2.314748e+000 148
44 -2.370522e+000 148
45 -2.395031e+000 148
46 -2.269872e+000 148
47 -2.366671e+000 148
48 -2.354578e+000 148
49 -2.269662e+000 148
50 -2.315814e+000 148
51 -2.334175e+000 148
52 -2.335152e+000 148
53 -2.273200e+000 148
54 -2.297164e+000 148
55 -2.307409e+000 148
56 -2.283192e+000 148
57 -2.299822e+000 148
58 -2.294599e+000 148
59 -2.282761e+000 148
60 -2.281826e+000 148
61 -2.294218e+000 148
62 -2.279700e+000 148
63 -2.247322e+000 148
64 -2.334407e+000 148
65 -2.324695e+000 148
66 -2.246872e+000 148
67 -2.383050e+000 148
68 -2.342256e+000 148
69 -2.286409e+000 148
70 -2.367721e+000 148
71 -2.396075e+000 148
72 -2.299574e+000 148
73 -2.358116e+000 148
74 -2.337765e+000 148
75 -2.293816e+000 148
76 -2.351360e+000 148
77 -2.312677e+000 148
78 -2.286329e+000 148
79 -2.339489e+000 148
80 -2.266583e+000 148
81 -2.304412e+000 148
82 -2.265911e+000 148
83 -2.293234e+000 148
84 -2.246656e+000 148
85 -2.228036e+000 148
86 -2.286141e+000 148
87 -2.283608e+000 148
88 -2.215826e+000 148
89 -2.288168e+000 148
90 -2.297407e+000 148
91 -2.243373e+000 148
92 -2.311386e+000 148
93 -2.288944e+000 148
94 -2.323135e+000 148
95 -2.356384e+000 148
96 -2.333039e+000 148
97 -2.356322e+000 148
98 -2.366989e+000 148
99 -2.330415e+000 148
100 -2.384682e+000 148

#epsilon= 7.114628e-004  dim= 3
0 -5.474574e+000 312
1 -2.382358e+000 312
2 -2.389235e+000 312
3 -3.205006e+000 312
4 -2.380781e+000 312
5 -2.369786e+000 312
6 -2.613709e+000 312
7 -2.341386e+000 312
8 -2.327591e+000 312
9 -2.349484e+000 312
10 -2.336713e+000 312
11 -2.345660e+000 312
12 -2.329237e+000 312
13 -2.324874e+000 312
14 -2.331637e+000 312
15 -2.337019e+000 312
16 -2.335073e+000 312
17 -2.296615e+000 312
18 -2.305852e+000 312
19 -2.330500e+000 312
20 -2.302232e+000 312
21 -2.311900e+000 312
22 -2.315840e+000 312
23 -2.303029e+000 312
24 -2.343453e+000 312
25 -2.349305e+000 312
26 -2.298742e+000 312
27 -2.317907e+000 312
28 -2.332666e+000 312
29 -2.278768e+000 312
30 -2.318151e+000 312
31 -2.331712e+000 312
32 -2.259615e+000 312
33 -2.279193e+000 312
34 -2.307825e+000 312
35 -2.273105e+000 312
36 -2.283068e+000 312
37 -2.337350e+000 312
38 -2.297526e+000 312
39 -2.269498e+000 312
40 -2.325408e+000 312
41 -2.316825e+000 312
42 -2.276672e+000 312
43 -2.279825e+000 312
44 -2.327865e+000 312
45 -2.283319e+000 312
46 -2.196245e+000 312
47 -2.308491e+000 312
48 -2.303854e+000 312
49 -2.208885e+000 312
50 -2.275497e+000 312
51 -2.284199e+000 312
52 -2.263189e+000 312
53 -2.286085e+000 312
54 -2.272133e+000 312
55 -2.282904e+000 312
56 -2.276554e+000 312
57 -2.274880e+000 312
58 -2.275705e+000 312
59 -2.254427e+000 312
60 -2.254015e+000 312
61 -2.271931e+000 312
62 -2.229922e+000 312
63 -2.232970e+000 312
64 -2.299001e+000 312
65 -2.258413e+000 312
66 -2.256728e+000 312
67 -2.295302e+000 312
68 -2.272640e+000 312
69 -2.311949e+000 312
70 -2.269739e+000 312
71 -2.289580e+000 312
72 -2.304700e+000 312
73 -2.239277e+000 312
74 -2.260634e+000 312
75 -2.276063e+000 312
76 -2.239774e+000 312
77 -2.276244e+000 312
78 -2.246911e+000 312
79 -2.255174e+000 312
80 -2.275482e+000 312
81 -2.232375e+000 312
82 -2.259365e+000 312
83 -2.282766e+000 312
84 -2.244647e+000 312
85 -2.230435e+000 312
86 -2.273299e+000 312
87 -2.232764e+000 312
88 -2.216934e+000 312
89 -2.267936e+000 312
90 -2.221867e+000 312
91 -2.220206e+000 312
92 -2.266220e+000 312
93 -2.242376e+000 312
94 -2.255822e+000 312
95 -2.286760e+000 312
96 -2.290536e+000 312
97 -2.320772e+000 312
98 -2.334858e+000 312
99 -2.295123e+000 312
100 -2.302715e+000 312

#epsilon= 1.265180e-003  dim= 3
0 -4.869057e+000 429
1 -2.275620e+000 429
2 -2.249795e+000 429
3 -2.960566e+000 429
4 -2.267575e+000 429
5 -2.233979e+000 429
6 -2.467236e+000 429
7 -2.243307e+000 429
8 -2.226776e+000 429
9 -2.224025e+000 429
10 -2.228995e+000 429
11 -2.234083e+000 429
12 -2.214712e+000 429
13 -2.210264e+000 429
14 -2.239157e+000 429
15 -2.230316e+000 429
16 -2.230162e+000 429
17 -2.235509e+000 429
18 -2.228913e+000 429
19 -2.253477e+000 429
20 -2.243558e+000 429
21 -2.240788e+000 429
22 -2.242485e+000 429
23 -2.246594e+000 429
24 -2.247037e+000 429
25 -2.235818e+000 429
26 -2.227236e+000 429
27 -2.234524e+000 429
28 -2.217649e+000 429
29 -2.211678e+000 429
30 -2.219658e+000 429
31 -2.211251e+000 429
32 -2.189401e+000 429
33 -2.217131e+000 429
34 -2.218541e+000 429
35 -2.187388e+000 429
36 -2.216808e+000 429
37 -2.233559e+000 429
38 -2.203395e+000 429
39 -2.212275e+000 429
40 -2.218221e+000 429
41 -2.224336e+000 429
42 -2.226721e+000 429
43 -2.209594e+000 429
44 -2.225691e+000 429
45 -2.219726e+000 429
46 -2.209627e+000 429
47 -2.237052e+000 429
48 -2.214453e+000 429
49 -2.199013e+000 429
50 -2.225690e+000 429
51 -2.202363e+000 429
52 -2.190557e+000 429
53 -2.223067e+000 429
54 -2.186196e+000 429
55 -2.198319e+000 429
56 -2.223242e+000 429
57 -2.183835e+000 429
58 -2.200335e+000 429
59 -2.196230e+000 429
60 -2.195810e+000 429
61 -2.224773e+000 429
62 -2.201127e+000 429
63 -2.200213e+000 429
64 -2.221438e+000 429
65 -2.214491e+000 429
66 -2.223430e+000 429
67 -2.214121e+000 429
68 -2.225178e+000 429
69 -2.224758e+000 429
70 -2.207664e+000 429
71 -2.219271e+000 429
72 -2.223476e+000 429
73 -2.199163e+000 429
74 -2.203747e+000 429
75 -2.199929e+000 429
76 -2.171137e+000 429
77 -2.193602e+000 429
78 -2.192425e+000 429
79 -2.159529e+000 429
80 -2.195181e+000 429
81 -2.180243e+000 429
82 -2.172952e+000 429
83 -2.208012e+000 429
84 -2.173422e+000 429
85 -2.213465e+000 429
86 -2.207691e+000 429
87 -2.185555e+000 429
88 -2.234009e+000 429
89 -2.201934e+000 429
90 -2.198767e+000 429
91 -2.227895e+000 429
92 -2.195993e+000 429
93 -2.219512e+000 429
94 -2.219697e+000 429
95 -2.222053e+000 429
96 -2.233317e+000 429
97 -2.211643e+000 429
98 -2.246017e+000 429
99 -2.227108e+000 429
100 -2.203231e+000 429

