#epsilon= 1.906347e-004  dim= 3
0 -7.212465e+000 15
1 -2.966560e+000 15
2 -3.018573e+000 15
3 -3.615279e+000 15
4 -2.925733e+000 15
5 -2.845461e+000 15
6 -2.802022e+000 15
7 -2.727999e+000 15
8 -2.553809e+000 15
9 -2.528273e+000 15
10 -2.590605e+000 15
11 -2.619448e+000 15
12 -2.580793e+000 15
13 -2.565313e+000 15
14 -2.674863e+000 15
15 -2.895865e+000 15
16 -2.673152e+000 15
17 -2.886748e+000 15
18 -3.197035e+000 15
19 -2.666654e+000 15
20 -2.802347e+000 15
21 -3.205389e+000 15
22 -2.605018e+000 15
23 -2.734272e+000 15
24 -2.966076e+000 15
25 -2.420677e+000 15
26 -2.660161e+000 15
27 -2.733831e+000 15
28 -2.567892e+000 15
29 -2.676032e+000 15
30 -2.698529e+000 15
31 -2.523522e+000 15
32 -2.591645e+000 15
33 -2.692273e+000 15
34 -2.775543e+000 15
35 -2.682833e+000 15
36 -2.831463e+000 15
37 -2.684577e+000 15
38 -2.625421e+000 15
39 -2.970511e+000 15
40 -2.787358e+000 15
41 -2.811997e+000 15
42 -3.104209e+000 15
43 -2.890909e+000 15
44 -2.924497e+000 15
45 -3.099854e+000 15
46 -2.857202e+000 15
47 -2.974146e+000 15
48 -2.976528e+000 15
49 -2.864918e+000 15
50 -3.028591e+000 15
51 -2.910440e+000 15
52 -2.758061e+000 15
53 -2.884966e+000 15
54 -2.708058e+000 15
55 -2.849132e+000 15
56 -2.850349e+000 15
57 -2.676608e+000 15
58 -2.586877e+000 15
59 -2.687340e+000 15
60 -2.649538e+000 15
61 -2.740199e+000 15
62 -2.703039e+000 15
63 -2.877118e+000 15
64 -2.654544e+000 15
65 -2.800041e+000 15
66 -2.888458e+000 15
67 -2.483212e+000 15
68 -2.646968e+000 15
69 -2.785141e+000 15
70 -2.513732e+000 15
71 -2.658104e+000 15
72 -2.749573e+000 15
73 -2.667419e+000 15
74 -2.800892e+000 15
75 -2.810926e+000 15
76 -2.969649e+000 15
77 -2.840914e+000 15
78 -3.074311e+000 15
79 -3.038085e+000 15
80 -2.837912e+000 15
81 -2.911510e+000 15
82 -2.770181e+000 15
83 -2.811640e+000 15
84 -2.823969e+000 15
85 -2.669130e+000 15
86 -2.698689e+000 15
87 -2.763619e+000 15
88 -2.670299e+000 15
89 -2.711973e+000 15
90 -2.999838e+000 15
91 -2.806178e+000 15
92 -2.696243e+000 15
93 -2.921893e+000 15
94 -2.884696e+000 15
95 -2.986999e+000 15
96 -2.863125e+000 15
97 -2.974060e+000 15
98 -2.972542e+000 15
99 -2.935208e+000 15
100 -2.919033e+000 15

#epsilon= 1.906347e-004  dim= 4

#epsilon= 1.906347e-004  dim= 5

#epsilon= 1.906347e-004  dim= 6

#epsilon= 1.906347e-004  dim= 7

#epsilon= 1.906347e-004  dim= 8

#epsilon= 1.906347e-004  dim= 9

#epsilon= 1.906347e-004  dim= 10

#epsilon= 3.390018e-004  dim= 3
0 -6.635148e+000 88
1 -2.901804e+000 88
2 -3.044705e+000 88
3 -3.900742e+000 88
4 -2.886539e+000 88
5 -2.954075e+000 88
6 -3.101826e+000 88
7 -2.814347e+000 88
8 -2.861449e+000 88
9 -2.796208e+000 88
10 -2.752388e+000 88
11 -2.839462e+000 88
12 -2.800898e+000 88
13 -2.805818e+000 88
14 -2.845591e+000 88
15 -2.908287e+000 88
16 -2.926354e+000 88
17 -2.849850e+000 88
18 -2.943446e+000 88
19 -2.943567e+000 88
20 -2.879676e+000 88
21 -2.944641e+000 88
22 -2.876266e+000 88
23 -2.822485e+000 88
24 -3.017412e+000 88
25 -2.831642e+000 88
26 -2.827314e+000 88
27 -2.951809e+000 88
28 -2.812438e+000 88
29 -2.836822e+000 88
30 -2.904893e+000 88
31 -2.756410e+000 88
32 -2.773036e+000 88
33 -2.832753e+000 88
34 -2.789831e+000 88
35 -2.749230e+000 88
36 -2.838440e+000 88
37 -2.771420e+000 88
38 -2.731235e+000 88
39 -2.847602e+000 88
40 -2.787726e+000 88
41 -2.728019e+000 88
42 -2.916206e+000 88
43 -2.773450e+000 88
44 -2.774690e+000 88
45 -2.957074e+000 88
46 -2.792242e+000 88
47 -2.777977e+000 88
48 -2.843833e+000 88
49 -2.861389e+000 88
50 -2.785905e+000 88
51 -2.758596e+000 88
52 -2.818495e+000 88
53 -2.796165e+000 88
54 -2.727390e+000 88
55 -2.759684e+000 88
56 -2.746293e+000 88
57 -2.724048e+000 88
58 -2.711596e+000 88
59 -2.756127e+000 88
60 -2.722694e+000 88
61 -2.745560e+000 88
62 -2.827134e+000 88
63 -2.748970e+000 88
64 -2.704231e+000 88
65 -2.811106e+000 88
66 -2.767335e+000 88
67 -2.711714e+000 88
68 -2.801079e+000 88
69 -2.763055e+000 88
70 -2.757077e+000 88
71 -2.812428e+000 88
72 -2.821317e+000 88
73 -2.802591e+000 88
74 -2.819025e+000 88
75 -2.766547e+000 88
76 -2.791763e+000 88
77 -2.845158e+000 88
78 -2.826037e+000 88
79 -2.823928e+000 88
80 -2.823644e+000 88
81 -2.849683e+000 88
82 -2.805278e+000 88
83 -2.790653e+000 88
84 -2.786352e+000 88
85 -2.816603e+000 88
86 -2.756903e+000 88
87 -2.731718e+000 88
88 -2.729746e+000 88
89 -2.735069e+000 88
90 -2.783618e+000 88
91 -2.767885e+000 88
92 -2.769348e+000 88
93 -2.806354e+000 88
94 -2.758508e+000 88
95 -2.848057e+000 88
96 -2.760282e+000 88
97 -2.722098e+000 88
98 -2.863259e+000 88
99 -2.736902e+000 88
100 -2.670091e+000 88

#epsilon= 3.390018e-004  dim= 4
0 -6.597282e+000 3
1 -2.201369e+000 3
2 -2.538842e+000 3
3 -3.844162e+000 3
4 -2.096911e+000 3
5 -2.791297e+000 3
6 -2.914657e+000 3
7 -2.192721e+000 3
8 -2.878834e+000 3
9 -2.516867e+000 3
10 -2.171279e+000 3
11 -2.596848e+000 3
12 -2.514521e+000 3
13 -2.264672e+000 3
14 -2.898549e+000 3
15 -2.504032e+000 3
16 -2.752845e+000 3
17 -3.111264e+000 3
18 -3.234191e+000 3
19 -2.502801e+000 3
20 -2.696924e+000 3
21 -3.473247e+000 3
22 -2.444870e+000 3
23 -2.697234e+000 3
24 -2.702640e+000 3
25 -2.114793e+000 3
26 -2.608983e+000 3
27 -2.667414e+000 3
28 -2.126902e+000 3
29 -2.664200e+000 3
30 -2.535488e+000 3
31 -2.140420e+000 3
32 -2.744085e+000 3
33 -2.459860e+000 3
34 -2.245898e+000 3
35 -2.568120e+000 3
36 -2.410928e+000 3
37 -2.751818e+000 3
38 -2.635223e+000 3
39 -2.367494e+000 3
40 -2.180220e+000 3
41 -2.467383e+000 3
42 -2.292765e+000 3
43 -2.386803e+000 3
44 -2.523032e+000 3
45 -2.549706e+000 3
46 -2.373687e+000 3
47 -2.711893e+000 3
48 -2.382231e+000 3
49 -2.303744e+000 3
50 -2.682771e+000 3
51 -2.415897e+000 3
52 -2.614787e+000 3
53 -2.706918e+000 3
54 -2.389889e+000 3
55 -2.551097e+000 3
56 -2.528476e+000 3
57 -2.275960e+000 3
58 -2.588732e+000 3
59 -2.599874e+000 3
60 -2.537190e+000 3
61 -2.449101e+000 3
62 -2.685674e+000 3
63 -2.458809e+000 3
64 -2.440282e+000 3
65 -2.603217e+000 3
66 -2.573432e+000 3
67 -2.531706e+000 3
68 -2.616244e+000 3
69 -2.751002e+000 3
70 -2.700841e+000 3
71 -2.493556e+000 3
72 -2.771249e+000 3
73 -3.188076e+000 3
74 -2.351625e+000 3
75 -3.142391e+000 3
76 -3.172775e+000 3
77 -2.368816e+000 3
78 -2.892458e+000 3
79 -2.968125e+000 3
80 -2.251345e+000 3
81 -3.164500e+000 3
82 -2.603880e+000 3
83 -2.286980e+000 3
84 -2.850730e+000 3
85 -2.509991e+000 3
86 -2.369889e+000 3
87 -2.870724e+000 3
88 -2.399772e+000 3
89 -2.352176e+000 3
90 -2.882354e+000 3
91 -2.424012e+000 3
92 -2.365882e+000 3
93 -2.924817e+000 3
94 -2.296681e+000 3
95 -2.493298e+000 3
96 -2.375291e+000 3
97 -2.293407e+000 3
98 -2.356044e+000 3
99 -2.234626e+000 3
100 -2.468742e+000 3

#epsilon= 3.390018e-004  dim= 5

#epsilon= 3.390018e-004  dim= 6

#epsilon= 3.390018e-004  dim= 7

#epsilon= 3.390018e-004  dim= 8

#epsilon= 3.390018e-004  dim= 9

#epsilon= 3.390018e-004  dim= 10

#epsilon= 6.028400e-004  dim= 3
0 -6.043513e+000 255
1 -2.866475e+000 255
2 -2.927802e+000 255
3 -3.629676e+000 255
4 -2.813379e+000 255
5 -2.848728e+000 255
6 -3.024709e+000 255
7 -2.783248e+000 255
8 -2.785289e+000 255
9 -2.759244e+000 255
10 -2.737427e+000 255
11 -2.742610e+000 255
12 -2.757257e+000 255
13 -2.748095e+000 255
14 -2.742589e+000 255
15 -2.795520e+000 255
16 -2.766540e+000 255
17 -2.728173e+000 255
18 -2.782255e+000 255
19 -2.744457e+000 255
20 -2.741393e+000 255
21 -2.768335e+000 255
22 -2.722529e+000 255
23 -2.736045e+000 255
24 -2.803332e+000 255
25 -2.719900e+000 255
26 -2.706533e+000 255
27 -2.786006e+000 255
28 -2.713493e+000 255
29 -2.685837e+000 255
30 -2.753674e+000 255
31 -2.695402e+000 255
32 -2.684292e+000 255
33 -2.693668e+000 255
34 -2.694439e+000 255
35 -2.675512e+000 255
36 -2.688309e+000 255
37 -2.723767e+000 255
38 -2.687477e+000 255
39 -2.727867e+000 255
40 -2.739358e+000 255
41 -2.734491e+000 255
42 -2.768534e+000 255
43 -2.728101e+000 255
44 -2.710901e+000 255
45 -2.739933e+000 255
46 -2.737663e+000 255
47 -2.710844e+000 255
48 -2.719327e+000 255
49 -2.732142e+000 255
50 -2.699058e+000 255
51 -2.720089e+000 255
52 -2.759416e+000 255
53 -2.725760e+000 255
54 -2.731303e+000 255
55 -2.744836e+000 255
56 -2.701806e+000 255
57 -2.727351e+000 255
58 -2.728608e+000 255
59 -2.717490e+000 255
60 -2.713113e+000 255
61 -2.729590e+000 255
62 -2.734302e+000 255
63 -2.708784e+000 255
64 -2.713134e+000 255
65 -2.734822e+000 255
66 -2.689034e+000 255
67 -2.673543e+000 255
68 -2.744876e+000 255
69 -2.702850e+000 255
70 -2.719545e+000 255
71 -2.723538e+000 255
72 -2.732199e+000 255
73 -2.771837e+000 255
74 -2.721145e+000 255
75 -2.750296e+000 255
76 -2.771213e+000 255
77 -2.715419e+000 255
78 -2.720594e+000 255
79 -2.719142e+000 255
80 -2.736218e+000 255
81 -2.735610e+000 255
82 -2.662192e+000 255
83 -2.660441e+000 255
84 -2.719691e+000 255
85 -2.670180e+000 255
86 -2.674907e+000 255
87 -2.719408e+000 255
88 -2.670860e+000 255
89 -2.665080e+000 255
90 -2.728261e+000 255
91 -2.714163e+000 255
92 -2.691959e+000 255
93 -2.729596e+000 255
94 -2.724631e+000 255
95 -2.714286e+000 255
96 -2.714372e+000 255
97 -2.696394e+000 255
98 -2.765687e+000 255
99 -2.718949e+000 255
100 -2.724116e+000 255

#epsilon= 6.028400e-004  dim= 4
0 -6.046604e+000 22
1 -2.700206e+000 22
2 -2.923424e+000 22
3 -3.901220e+000 22
4 -2.662783e+000 22
5 -2.903968e+000 22
6 -3.273366e+000 22
7 -2.649735e+000 22
8 -2.888953e+000 22
9 -2.826071e+000 22
10 -2.671617e+000 22
11 -2.856130e+000 22
12 -2.671667e+000 22
13 -2.646393e+000 22
14 -2.759194e+000 22
15 -2.632815e+000 22
16 -2.691849e+000 22
17 -2.752043e+000 22
18 -2.667927e+000 22
19 -2.590134e+000 22
20 -2.696601e+000 22
21 -2.747392e+000 22
22 -2.539303e+000 22
23 -2.617151e+000 22
24 -2.682744e+000 22
25 -2.465487e+000 22
26 -2.650254e+000 22
27 -2.603778e+000 22
28 -2.395585e+000 22
29 -2.705412e+000 22
30 -2.687810e+000 22
31 -2.428936e+000 22
32 -2.715286e+000 22
33 -2.735875e+000 22
34 -2.432283e+000 22
35 -2.686038e+000 22
36 -2.733310e+000 22
37 -2.547685e+000 22
38 -2.759633e+000 22
39 -2.827169e+000 22
40 -2.551234e+000 22
41 -2.608895e+000 22
42 -2.650098e+000 22
43 -2.601120e+000 22
44 -2.624565e+000 22
45 -2.622217e+000 22
46 -2.619673e+000 22
47 -2.675301e+000 22
48 -2.625315e+000 22
49 -2.644889e+000 22
50 -2.612031e+000 22
51 -2.699320e+000 22
52 -2.621844e+000 22
53 -2.718557e+000 22
54 -2.724559e+000 22
55 -2.565205e+000 22
56 -2.663778e+000 22
57 -2.707919e+000 22
58 -2.516079e+000 22
59 -2.734686e+000 22
60 -2.662746e+000 22
61 -2.470374e+000 22
62 -2.748022e+000 22
63 -2.557644e+000 22
64 -2.451215e+000 22
65 -2.699454e+000 22
66 -2.617972e+000 22
67 -2.583334e+000 22
68 -2.708014e+000 22
69 -2.607942e+000 22
70 -2.677728e+000 22
71 -2.583125e+000 22
72 -2.566913e+000 22
73 -2.766022e+000 22
74 -2.564476e+000 22
75 -2.580450e+000 22
76 -2.752006e+000 22
77 -2.603466e+000 22
78 -2.589697e+000 22
79 -2.696231e+000 22
80 -2.604400e+000 22
81 -2.723658e+000 22
82 -2.621524e+000 22
83 -2.525869e+000 22
84 -2.594791e+000 22
85 -2.623026e+000 22
86 -2.483301e+000 22
87 -2.611884e+000 22
88 -2.608862e+000 22
89 -2.456285e+000 22
90 -2.601640e+000 22
91 -2.556520e+000 22
92 -2.429726e+000 22
93 -2.429668e+000 22
94 -2.497394e+000 22
95 -2.537035e+000 22
96 -2.354097e+000 22
97 -2.559466e+000 22
98 -2.612148e+000 22
99 -2.344813e+000 22
100 -2.559458e+000 22

#epsilon= 6.028400e-004  dim= 5
0 -5.886885e+000 1
1 -2.765364e+000 1
2 -3.070951e+000 1
3 -3.139040e+000 1
4 -2.746624e+000 1
5 -3.120361e+000 1
6 -2.993010e+000 1
7 -2.595615e+000 1
8 -3.188624e+000 1
9 -2.860250e+000 1
10 -2.588158e+000 1
11 -3.230607e+000 1
12 -2.830212e+000 1
13 -2.473395e+000 1
14 -3.227630e+000 1
15 -2.750698e+000 1
16 -2.687971e+000 1
17 -3.581924e+000 1
18 -2.951029e+000 1
19 -2.739687e+000 1
20 -3.572442e+000 1
21 -3.079102e+000 1
22 -2.852137e+000 1
23 -3.173621e+000 1
24 -3.271981e+000 1
25 -2.549906e+000 1
26 -2.955237e+000 1
27 -3.331678e+000 1
28 -2.589252e+000 1
29 -2.837576e+000 1
30 -3.511428e+000 1
31 -2.456497e+000 1
32 -2.762098e+000 1
33 -3.605629e+000 1
34 -2.360416e+000 1
35 -2.390800e+000 1
36 -3.616754e+000 1
37 -2.064548e+000 1
38 -2.441537e+000 1
39 -3.598776e+000 1
40 -2.069292e+000 1
41 -2.447669e+000 1
42 -3.260982e+000 1
43 -1.988811e+000 1
44 -2.469098e+000 1
45 -2.340118e+000 1
46 -2.042498e+000 1
47 -2.502381e+000 1
48 -2.320716e+000 1
49 -2.036781e+000 1
50 -2.328218e+000 1
51 -2.298016e+000 1
52 -2.374000e+000 1
53 -2.282993e+000 1
54 -2.259704e+000 1
55 -2.383319e+000 1
56 -2.266598e+000 1
57 -2.280227e+000 1
58 -2.664650e+000 1
59 -2.114248e+000 1
60 -2.794112e+000 1
61 -2.443127e+000 1
62 -2.094578e+000 1
63 -2.901612e+000 1
64 -2.582768e+000 1
65 -2.221713e+000 1
66 -2.650217e+000 1
67 -2.585165e+000 1
68 -2.222787e+000 1
69 -2.740743e+000 1
70 -2.843812e+000 1
71 -2.277207e+000 1
72 -2.686156e+000 1
73 -2.791918e+000 1
74 -2.387862e+000 1
75 -2.850263e+000 1
76 -3.452567e+000 1
77 -2.436167e+000 1
78 -2.837902e+000 1
79 -3.458534e+000 1
80 -2.776546e+000 1
81 -3.286138e+000 1
82 -3.399211e+000 1
83 -2.933522e+000 1
84 -2.793450e+000 1
85 -3.242524e+000 1
86 -2.585734e+000 1
87 -2.751315e+000 1
88 -3.137349e+000 1
89 -2.762840e+000 1
90 -2.647228e+000 1
91 -2.670521e+000 1
92 -2.706189e+000 1
93 -2.298750e+000 1
94 -2.636006e+000 1
95 -2.540146e+000 1
96 -2.293490e+000 1
97 -2.593072e+000 1
98 -2.440040e+000 1
99 -2.302280e+000 1
100 -2.637909e+000 1

#epsilon= 6.028400e-004  dim= 6

#epsilon= 6.028400e-004  dim= 7

#epsilon= 6.028400e-004  dim= 8

#epsilon= 6.028400e-004  dim= 9

#epsilon= 6.028400e-004  dim= 10

#epsilon= 1.072018e-003  dim= 3
0 -5.443801e+000 407
1 -2.713695e+000 407
2 -2.723255e+000 407
3 -3.417827e+000 407
4 -2.677130e+000 407
5 -2.702852e+000 407
6 -2.950812e+000 407
7 -2.675862e+000 407
8 -2.678669e+000 407
9 -2.664710e+000 407
10 -2.660052e+000 407
11 -2.662026e+000 407
12 -2.655616e+000 407
13 -2.660969e+000 407
14 -2.672574e+000 407
15 -2.656426e+000 407
16 -2.650558e+000 407
17 -2.671556e+000 407
18 -2.653598e+000 407
19 -2.634066e+000 407
20 -2.650394e+000 407
21 -2.660968e+000 407
22 -2.637511e+000 407
23 -2.648361e+000 407
24 -2.680390e+000 407
25 -2.640920e+000 407
26 -2.641158e+000 407
27 -2.681234e+000 407
28 -2.644771e+000 407
29 -2.655647e+000 407
30 -2.663239e+000 407
31 -2.628226e+000 407
32 -2.642114e+000 407
33 -2.633761e+000 407
34 -2.616706e+000 407
35 -2.627538e+000 407
36 -2.616881e+000 407
37 -2.632245e+000 407
38 -2.635283e+000 407
39 -2.615380e+000 407
40 -2.631253e+000 407
41 -2.639208e+000 407
42 -2.623753e+000 407
43 -2.634745e+000 407
44 -2.647010e+000 407
45 -2.626815e+000 407
46 -2.629198e+000 407
47 -2.645988e+000 407
48 -2.640623e+000 407
49 -2.624019e+000 407
50 -2.650472e+000 407
51 -2.623433e+000 407
52 -2.636365e+000 407
53 -2.641840e+000 407
54 -2.629789e+000 407
55 -2.631778e+000 407
56 -2.625135e+000 407
57 -2.605616e+000 407
58 -2.619923e+000 407
59 -2.622188e+000 407
60 -2.618116e+000 407
61 -2.615904e+000 407
62 -2.618774e+000 407
63 -2.626304e+000 407
64 -2.599806e+000 407
65 -2.628548e+000 407
66 -2.616560e+000 407
67 -2.612109e+000 407
68 -2.633514e+000 407
69 -2.611228e+000 407
70 -2.618997e+000 407
71 -2.648471e+000 407
72 -2.609060e+000 407
73 -2.638468e+000 407
74 -2.657871e+000 407
75 -2.611273e+000 407
76 -2.636981e+000 407
77 -2.643507e+000 407
78 -2.624944e+000 407
79 -2.645115e+000 407
80 -2.639709e+000 407
81 -2.617649e+000 407
82 -2.630264e+000 407
83 -2.632699e+000 407
84 -2.626892e+000 407
85 -2.632665e+000 407
86 -2.633949e+000 407
87 -2.607263e+000 407
88 -2.623954e+000 407
89 -2.614584e+000 407
90 -2.624134e+000 407
91 -2.626932e+000 407
92 -2.625316e+000 407
93 -2.620445e+000 407
94 -2.598562e+000 407
95 -2.626758e+000 407
96 -2.641808e+000 407
97 -2.602934e+000 407
98 -2.652153e+000 407
99 -2.636557e+000 407
100 -2.604650e+000 407

#epsilon= 1.072018e-003  dim= 4
0 -5.405161e+000 146
1 -2.704988e+000 146
2 -2.734074e+000 146
3 -3.658977e+000 146
4 -2.677620e+000 146
5 -2.713432e+000 146
6 -3.101182e+000 146
7 -2.647166e+000 146
8 -2.686546e+000 146
9 -2.804775e+000 146
10 -2.608466e+000 146
11 -2.654270e+000 146
12 -2.628438e+000 146
13 -2.598689e+000 146
14 -2.650391e+000 146
15 -2.627826e+000 146
16 -2.623871e+000 146
17 -2.658428e+000 146
18 -2.641342e+000 146
19 -2.636256e+000 146
20 -2.631255e+000 146
21 -2.675075e+000 146
22 -2.584869e+000 146
23 -2.615501e+000 146
24 -2.643115e+000 146
25 -2.560196e+000 146
26 -2.594396e+000 146
27 -2.596409e+000 146
28 -2.558538e+000 146
29 -2.563849e+000 146
30 -2.562857e+000 146
31 -2.547333e+000 146
32 -2.564360e+000 146
33 -2.548651e+000 146
34 -2.543681e+000 146
35 -2.566967e+000 146
36 -2.542297e+000 146
37 -2.588290e+000 146
38 -2.588334e+000 146
39 -2.597816e+000 146
40 -2.556589e+000 146
41 -2.568869e+000 146
42 -2.566855e+000 146
43 -2.585386e+000 146
44 -2.575154e+000 146
45 -2.591612e+000 146
46 -2.633106e+000 146
47 -2.528299e+000 146
48 -2.577287e+000 146
49 -2.583282e+000 146
50 -2.523278e+000 146
51 -2.540731e+000 146
52 -2.620119e+000 146
53 -2.541651e+000 146
54 -2.540904e+000 146
55 -2.587267e+000 146
56 -2.527426e+000 146
57 -2.511070e+000 146
58 -2.541006e+000 146
59 -2.541034e+000 146
60 -2.503038e+000 146
61 -2.568650e+000 146
62 -2.586268e+000 146
63 -2.464991e+000 146
64 -2.531106e+000 146
65 -2.563288e+000 146
66 -2.482158e+000 146
67 -2.575511e+000 146
68 -2.589313e+000 146
69 -2.521014e+000 146
70 -2.593280e+000 146
71 -2.582028e+000 146
72 -2.533884e+000 146
73 -2.591887e+000 146
74 -2.595610e+000 146
75 -2.544569e+000 146
76 -2.597328e+000 146
77 -2.613851e+000 146
78 -2.534581e+000 146
79 -2.586494e+000 146
80 -2.564552e+000 146
81 -2.555408e+000 146
82 -2.562612e+000 146
83 -2.537703e+000 146
84 -2.550248e+000 146
85 -2.560438e+000 146
86 -2.479324e+000 146
87 -2.552459e+000 146
88 -2.546309e+000 146
89 -2.489181e+000 146
90 -2.551955e+000 146
91 -2.540044e+000 146
92 -2.535093e+000 146
93 -2.507309e+000 146
94 -2.552793e+000 146
95 -2.550762e+000 146
96 -2.504318e+000 146
97 -2.549471e+000 146
98 -2.587960e+000 146
99 -2.510122e+000 146
100 -2.574756e+000 146

#epsilon= 1.072018e-003  dim= 5
0 -5.399120e+000 16
1 -2.563498e+000 16
2 -2.909830e+000 16
3 -3.709695e+000 16
4 -2.565565e+000 16
5 -2.906533e+000 16
6 -3.461985e+000 16
7 -2.541420e+000 16
8 -2.757397e+000 16
9 -3.203692e+000 16
10 -2.554666e+000 16
11 -2.686437e+000 16
12 -2.804034e+000 16
13 -2.495821e+000 16
14 -2.504528e+000 16
15 -2.625612e+000 16
16 -2.539474e+000 16
17 -2.459014e+000 16
18 -2.595844e+000 16
19 -2.529235e+000 16
20 -2.479358e+000 16
21 -2.558149e+000 16
22 -2.539211e+000 16
23 -2.400364e+000 16
24 -2.413138e+000 16
25 -2.451276e+000 16
26 -2.450558e+000 16
27 -2.367181e+000 16
28 -2.413644e+000 16
29 -2.627623e+000 16
30 -2.416851e+000 16
31 -2.382893e+000 16
32 -2.557617e+000 16
33 -2.449168e+000 16
34 -2.373420e+000 16
35 -2.571507e+000 16
36 -2.465704e+000 16
37 -2.357650e+000 16
38 -2.554551e+000 16
39 -2.548069e+000 16
40 -2.404494e+000 16
41 -2.493683e+000 16
42 -2.661226e+000 16
43 -2.488011e+000 16
44 -2.436744e+000 16
45 -2.646308e+000 16
46 -2.600070e+000 16
47 -2.442679e+000 16
48 -2.613370e+000 16
49 -2.556671e+000 16
50 -2.412915e+000 16
51 -2.590649e+000 16
52 -2.503215e+000 16
53 -2.512871e+000 16
54 -2.525185e+000 16
55 -2.504146e+000 16
56 -2.498090e+000 16
57 -2.493210e+000 16
58 -2.429000e+000 16
59 -2.532898e+000 16
60 -2.475095e+000 16
61 -2.398610e+000 16
62 -2.580960e+000 16
63 -2.505346e+000 16
64 -2.466489e+000 16
65 -2.608383e+000 16
66 -2.466407e+000 16
67 -2.508370e+000 16
68 -2.564914e+000 16
69 -2.496206e+000 16
70 -2.607054e+000 16
71 -2.485800e+000 16
72 -2.359641e+000 16
73 -2.643860e+000 16
74 -2.500828e+000 16
75 -2.419535e+000 16
76 -2.668733e+000 16
77 -2.594644e+000 16
78 -2.406454e+000 16
79 -2.730774e+000 16
80 -2.681235e+000 16
81 -2.416865e+000 16
82 -2.750932e+000 16
83 -2.756449e+000 16
84 -2.457097e+000 16
85 -2.752174e+000 16
86 -2.742618e+000 16
87 -2.542051e+000 16
88 -2.786707e+000 16
89 -2.676454e+000 16
90 -2.525693e+000 16
91 -2.747896e+000 16
92 -2.661022e+000 16
93 -2.370176e+000 16
94 -2.695939e+000 16
95 -2.552041e+000 16
96 -2.345783e+000 16
97 -2.668214e+000 16
98 -2.468297e+000 16
99 -2.210816e+000 16
100 -2.679348e+000 16

#epsilon= 1.072018e-003  dim= 6
0 -5.303586e+000 1
1 -3.100206e+000 1
2 -2.821641e+000 1
3 -3.902649e+000 1
4 -3.216893e+000 1
5 -3.384359e+000 1
6 -3.898968e+000 1
7 -2.978419e+000 1
8 -3.044708e+000 1
9 -3.749956e+000 1
10 -2.956436e+000 1
11 -3.171120e+000 1
12 -3.508193e+000 1
13 -2.770488e+000 1
14 -3.083330e+000 1
15 -3.252504e+000 1
16 -2.573202e+000 1
17 -3.055379e+000 1
18 -2.905472e+000 1
19 -2.646098e+000 1
20 -2.716016e+000 1
21 -2.967372e+000 1
22 -2.569483e+000 1
23 -2.678237e+000 1
24 -2.965242e+000 1
25 -2.159110e+000 1
26 -2.880482e+000 1
27 -2.869001e+000 1
28 -2.171812e+000 1
29 -2.895550e+000 1
30 -2.853698e+000 1
31 -2.112444e+000 1
32 -2.950875e+000 1
33 -2.923391e+000 1
34 -2.174028e+000 1
35 -2.809953e+000 1
36 -2.975255e+000 1
37 -2.182353e+000 1
38 -3.108896e+000 1
39 -2.766752e+000 1
40 -2.089414e+000 1
41 -3.085128e+000 1
42 -2.766392e+000 1
43 -2.483500e+000 1
44 -2.529064e+000 1
45 -2.832145e+000 1
46 -2.299954e+000 1
47 -2.315611e+000 1
48 -2.897819e+000 1
49 -2.243920e+000 1
50 -2.186799e+000 1
51 -2.914234e+000 1
52 -2.255279e+000 1
53 -2.214963e+000 1
54 -2.530825e+000 1
55 -2.137204e+000 1
56 -2.227033e+000 1
57 -2.645639e+000 1
58 -2.235596e+000 1
59 -2.231510e+000 1
60 -2.501444e+000 1
61 -2.235278e+000 1
62 -2.457888e+000 1
63 -2.512926e+000 1
64 -2.380334e+000 1
65 -2.739480e+000 1
66 -2.444603e+000 1
67 -2.585833e+000 1
68 -2.217041e+000 1
69 -2.306409e+000 1
70 -2.372816e+000 1
71 -2.139868e+000 1
72 -2.618472e+000 1
73 -2.574702e+000 1
74 -2.068892e+000 1
75 -2.614366e+000 1
76 -2.613000e+000 1
77 -2.077466e+000 1
78 -2.658788e+000 1
79 -2.482243e+000 1
80 -1.979902e+000 1
81 -2.153045e+000 1
82 -2.457057e+000 1
83 -1.985589e+000 1
84 -2.189039e+000 1
85 -2.478636e+000 1
86 -2.391769e+000 1
87 -2.294340e+000 1
88 -2.759956e+000 1
89 -2.546793e+000 1
90 -2.264406e+000 1
91 -2.747736e+000 1
92 -2.639815e+000 1
93 -2.013828e+000 1
94 -2.818196e+000 1
95 -2.453151e+000 1
96 -2.012662e+000 1
97 -2.948840e+000 1
98 -2.762300e+000 1
99 -2.290873e+000 1
100 -2.754877e+000 1

#epsilon= 1.072018e-003  dim= 7

#epsilon= 1.072018e-003  dim= 8

#epsilon= 1.072018e-003  dim= 9

#epsilon= 1.072018e-003  dim= 10

#epsilon= 1.906347e-003  dim= 3
0 -4.866515e+000 467
1 -2.624871e+000 467
2 -2.626980e+000 467
3 -3.250471e+000 467
4 -2.614551e+000 467
5 -2.612717e+000 467
6 -2.827731e+000 467
7 -2.596175e+000 467
8 -2.595584e+000 467
9 -2.580216e+000 467
10 -2.585705e+000 467
11 -2.583256e+000 467
12 -2.560403e+000 467
13 -2.580784e+000 467
14 -2.569129e+000 467
15 -2.544304e+000 467
16 -2.580041e+000 467
17 -2.554886e+000 467
18 -2.545615e+000 467
19 -2.575613e+000 467
20 -2.559943e+000 467
21 -2.557930e+000 467
22 -2.585714e+000 467
23 -2.566867e+000 467
24 -2.565994e+000 467
25 -2.582229e+000 467
26 -2.569187e+000 467
27 -2.577964e+000 467
28 -2.575211e+000 467
29 -2.564755e+000 467
30 -2.575469e+000 467
31 -2.556453e+000 467
32 -2.566988e+000 467
33 -2.564525e+000 467
34 -2.554142e+000 467
35 -2.567555e+000 467
36 -2.563762e+000 467
37 -2.558074e+000 467
38 -2.577308e+000 467
39 -2.556317e+000 467
40 -2.567946e+000 467
41 -2.573625e+000 467
42 -2.550237e+000 467
43 -2.583567e+000 467
44 -2.568336e+000 467
45 -2.552676e+000 467
46 -2.571717e+000 467
47 -2.559430e+000 467
48 -2.555566e+000 467
49 -2.560345e+000 467
50 -2.564133e+000 467
51 -2.558457e+000 467
52 -2.554382e+000 467
53 -2.559575e+000 467
54 -2.558702e+000 467
55 -2.553551e+000 467
56 -2.549746e+000 467
57 -2.544685e+000 467
58 -2.557770e+000 467
59 -2.544204e+000 467
60 -2.555687e+000 467
61 -2.556701e+000 467
62 -2.547379e+000 467
63 -2.566988e+000 467
64 -2.559291e+000 467
65 -2.557624e+000 467
66 -2.557359e+000 467
67 -2.552475e+000 467
68 -2.559883e+000 467
69 -2.548916e+000 467
70 -2.543133e+000 467
71 -2.541300e+000 467
72 -2.537030e+000 467
73 -2.548676e+000 467
74 -2.542476e+000 467
75 -2.536723e+000 467
76 -2.555322e+000 467
77 -2.540426e+000 467
78 -2.531020e+000 467
79 -2.557574e+000 467
80 -2.549456e+000 467
81 -2.531578e+000 467
82 -2.549126e+000 467
83 -2.538086e+000 467
84 -2.526227e+000 467
85 -2.554123e+000 467
86 -2.551774e+000 467
87 -2.527819e+000 467
88 -2.548032e+000 467
89 -2.543170e+000 467
90 -2.539042e+000 467
91 -2.546574e+000 467
92 -2.539027e+000 467
93 -2.536898e+000 467
94 -2.548908e+000 467
95 -2.539746e+000 467
96 -2.547837e+000 467
97 -2.553072e+000 467
98 -2.556957e+000 467
99 -2.546534e+000 467
100 -2.557420e+000 467

#epsilon= 1.906347e-003  dim= 4
0 -4.820413e+000 344
1 -2.586833e+000 344
2 -2.588257e+000 344
3 -3.440193e+000 344
4 -2.569910e+000 344
5 -2.581470e+000 344
6 -2.977941e+000 344
7 -2.562314e+000 344
8 -2.580338e+000 344
9 -2.699930e+000 344
10 -2.555237e+000 344
11 -2.567520e+000 344
12 -2.509837e+000 344
13 -2.550051e+000 344
14 -2.548097e+000 344
15 -2.496053e+000 344
16 -2.549741e+000 344
17 -2.521221e+000 344
18 -2.492541e+000 344
19 -2.538772e+000 344
20 -2.507331e+000 344
21 -2.508678e+000 344
22 -2.531800e+000 344
23 -2.506450e+000 344
24 -2.526253e+000 344
25 -2.506230e+000 344
26 -2.479372e+000 344
27 -2.517837e+000 344
28 -2.485274e+000 344
29 -2.455786e+000 344
30 -2.508048e+000 344
31 -2.465846e+000 344
32 -2.475855e+000 344
33 -2.499578e+000 344
34 -2.466259e+000 344
35 -2.473116e+000 344
36 -2.493651e+000 344
37 -2.476476e+000 344
38 -2.500747e+000 344
39 -2.489937e+000 344
40 -2.480992e+000 344
41 -2.528551e+000 344
42 -2.484812e+000 344
43 -2.502652e+000 344
44 -2.517708e+000 344
45 -2.484101e+000 344
46 -2.501040e+000 344
47 -2.504086e+000 344
48 -2.481154e+000 344
49 -2.509362e+000 344
50 -2.484989e+000 344
51 -2.461913e+000 344
52 -2.510138e+000 344
53 -2.453272e+000 344
54 -2.471310e+000 344
55 -2.496761e+000 344
56 -2.445187e+000 344
57 -2.462427e+000 344
58 -2.467506e+000 344
59 -2.442523e+000 344
60 -2.463091e+000 344
61 -2.458775e+000 344
62 -2.447384e+000 344
63 -2.459611e+000 344
64 -2.454146e+000 344
65 -2.473086e+000 344
66 -2.453730e+000 344
67 -2.430844e+000 344
68 -2.470943e+000 344
69 -2.457175e+000 344
70 -2.455041e+000 344
71 -2.469895e+000 344
72 -2.450431e+000 344
73 -2.459870e+000 344
74 -2.472955e+000 344
75 -2.467604e+000 344
76 -2.464130e+000 344
77 -2.485182e+000 344
78 -2.483532e+000 344
79 -2.484848e+000 344
80 -2.486958e+000 344
81 -2.482648e+000 344
82 -2.481110e+000 344
83 -2.475683e+000 344
84 -2.462938e+000 344
85 -2.479036e+000 344
86 -2.459589e+000 344
87 -2.477700e+000 344
88 -2.468990e+000 344
89 -2.444210e+000 344
90 -2.456874e+000 344
91 -2.448519e+000 344
92 -2.450473e+000 344
93 -2.450506e+000 344
94 -2.445181e+000 344
95 -2.467711e+000 344
96 -2.461257e+000 344
97 -2.438922e+000 344
98 -2.478862e+000 344
99 -2.458600e+000 344
100 -2.438207e+000 344

#epsilon= 1.906347e-003  dim= 5
0 -4.779746e+000 147
1 -2.540332e+000 147
2 -2.541340e+000 147
3 -3.618603e+000 147
4 -2.524372e+000 147
5 -2.571330e+000 147
6 -3.129378e+000 147
7 -2.525844e+000 147
8 -2.599292e+000 147
9 -2.840483e+000 147
10 -2.533739e+000 147
11 -2.594389e+000 147
12 -2.670608e+000 147
13 -2.516464e+000 147
14 -2.555460e+000 147
15 -2.514063e+000 147
16 -2.517523e+000 147
17 -2.491219e+000 147
18 -2.497525e+000 147
19 -2.491216e+000 147
20 -2.471762e+000 147
21 -2.505027e+000 147
22 -2.447454e+000 147
23 -2.425757e+000 147
24 -2.494676e+000 147
25 -2.427852e+000 147
26 -2.383934e+000 147
27 -2.474242e+000 147
28 -2.418161e+000 147
29 -2.392353e+000 147
30 -2.477568e+000 147
31 -2.388993e+000 147
32 -2.422278e+000 147
33 -2.464731e+000 147
34 -2.388634e+000 147
35 -2.417725e+000 147
36 -2.451153e+000 147
37 -2.403260e+000 147
38 -2.442345e+000 147
39 -2.454168e+000 147
40 -2.406159e+000 147
41 -2.439667e+000 147
42 -2.454235e+000 147
43 -2.401443e+000 147
44 -2.409184e+000 147
45 -2.444259e+000 147
46 -2.429408e+000 147
47 -2.399909e+000 147
48 -2.435749e+000 147
49 -2.422970e+000 147
50 -2.380945e+000 147
51 -2.402743e+000 147
52 -2.453059e+000 147
53 -2.349898e+000 147
54 -2.388502e+000 147
55 -2.444801e+000 147
56 -2.358753e+000 147
57 -2.354160e+000 147
58 -2.411154e+000 147
59 -2.385542e+000 147
60 -2.331791e+000 147
61 -2.409173e+000 147
62 -2.401953e+000 147
63 -2.336417e+000 147
64 -2.416108e+000 147
65 -2.414859e+000 147
66 -2.353202e+000 147
67 -2.403468e+000 147
68 -2.451978e+000 147
69 -2.378220e+000 147
70 -2.427694e+000 147
71 -2.435637e+000 147
72 -2.370934e+000 147
73 -2.425220e+000 147
74 -2.413656e+000 147
75 -2.388864e+000 147
76 -2.405687e+000 147
77 -2.403466e+000 147
78 -2.374337e+000 147
79 -2.427724e+000 147
80 -2.427007e+000 147
81 -2.379036e+000 147
82 -2.429771e+000 147
83 -2.397359e+000 147
84 -2.377808e+000 147
85 -2.427806e+000 147
86 -2.368396e+000 147
87 -2.384781e+000 147
88 -2.427898e+000 147
89 -2.386847e+000 147
90 -2.379624e+000 147
91 -2.406648e+000 147
92 -2.371112e+000 147
93 -2.350510e+000 147
94 -2.392835e+000 147
95 -2.384418e+000 147
96 -2.337751e+000 147
97 -2.371387e+000 147
98 -2.377004e+000 147
99 -2.327187e+000 147
100 -2.355146e+000 147

#epsilon= 1.906347e-003  dim= 6
0 -4.747906e+000 31
1 -2.557588e+000 31
2 -2.533917e+000 31
3 -3.962583e+000 31
4 -2.569752e+000 31
5 -2.549938e+000 31
6 -3.457072e+000 31
7 -2.499310e+000 31
8 -2.595784e+000 31
9 -3.091432e+000 31
10 -2.498571e+000 31
11 -2.571535e+000 31
12 -2.751522e+000 31
13 -2.490309e+000 31
14 -2.459373e+000 31
15 -2.600161e+000 31
16 -2.398786e+000 31
17 -2.380490e+000 31
18 -2.444277e+000 31
19 -2.366090e+000 31
20 -2.335821e+000 31
21 -2.387459e+000 31
22 -2.271482e+000 31
23 -2.232268e+000 31
24 -2.322680e+000 31
25 -2.242827e+000 31
26 -2.175108e+000 31
27 -2.298412e+000 31
28 -2.215946e+000 31
29 -2.142355e+000 31
30 -2.368153e+000 31
31 -2.179586e+000 31
32 -2.183793e+000 31
33 -2.396325e+000 31
34 -2.240458e+000 31
35 -2.223233e+000 31
36 -2.433658e+000 31
37 -2.316071e+000 31
38 -2.241417e+000 31
39 -2.409144e+000 31
40 -2.370835e+000 31
41 -2.258178e+000 31
42 -2.407109e+000 31
43 -2.445372e+000 31
44 -2.239209e+000 31
45 -2.372646e+000 31
46 -2.452387e+000 31
47 -2.231597e+000 31
48 -2.331105e+000 31
49 -2.472226e+000 31
50 -2.252696e+000 31
51 -2.311398e+000 31
52 -2.464028e+000 31
53 -2.256192e+000 31
54 -2.310264e+000 31
55 -2.466923e+000 31
56 -2.267083e+000 31
57 -2.319925e+000 31
58 -2.528219e+000 31
59 -2.310740e+000 31
60 -2.258801e+000 31
61 -2.515342e+000 31
62 -2.345389e+000 31
63 -2.290981e+000 31
64 -2.512538e+000 31
65 -2.371552e+000 31
66 -2.258358e+000 31
67 -2.454484e+000 31
68 -2.339010e+000 31
69 -2.259987e+000 31
70 -2.458388e+000 31
71 -2.250796e+000 31
72 -2.244559e+000 31
73 -2.436336e+000 31
74 -2.289091e+000 31
75 -2.257120e+000 31
76 -2.447142e+000 31
77 -2.300628e+000 31
78 -2.291438e+000 31
79 -2.457236e+000 31
80 -2.294084e+000 31
81 -2.290701e+000 31
82 -2.489823e+000 31
83 -2.302449e+000 31
84 -2.330337e+000 31
85 -2.539471e+000 31
86 -2.340977e+000 31
87 -2.302666e+000 31
88 -2.528433e+000 31
89 -2.427562e+000 31
90 -2.239963e+000 31
91 -2.505401e+000 31
92 -2.413869e+000 31
93 -2.255606e+000 31
94 -2.402995e+000 31
95 -2.389343e+000 31
96 -2.167425e+000 31
97 -2.289124e+000 31
98 -2.424877e+000 31
99 -2.104289e+000 31
100 -2.234386e+000 31

#epsilon= 1.906347e-003  dim= 7
0 -4.703765e+000 9
1 -2.692876e+000 9
2 -2.530515e+000 9
3 -4.424196e+000 9
4 -2.667136e+000 9
5 -2.493528e+000 9
6 -3.728904e+000 9
7 -2.545867e+000 9
8 -2.583731e+000 9
9 -3.159699e+000 9
10 -2.558190e+000 9
11 -2.518841e+000 9
12 -2.857134e+000 9
13 -2.564819e+000 9
14 -2.434750e+000 9
15 -2.568487e+000 9
16 -2.392037e+000 9
17 -2.337905e+000 9
18 -2.403906e+000 9
19 -2.172312e+000 9
20 -2.244307e+000 9
21 -2.307865e+000 9
22 -2.104692e+000 9
23 -2.112490e+000 9
24 -2.271950e+000 9
25 -2.052623e+000 9
26 -2.013578e+000 9
27 -2.278194e+000 9
28 -2.047757e+000 9
29 -1.953192e+000 9
30 -2.330700e+000 9
31 -2.018352e+000 9
32 -1.960857e+000 9
33 -2.286208e+000 9
34 -2.034195e+000 9
35 -1.998009e+000 9
36 -2.367159e+000 9
37 -2.115564e+000 9
38 -2.066881e+000 9
39 -2.285810e+000 9
40 -2.229665e+000 9
41 -2.011171e+000 9
42 -2.229685e+000 9
43 -2.375026e+000 9
44 -1.963944e+000 9
45 -2.197276e+000 9
46 -2.430799e+000 9
47 -2.061525e+000 9
48 -2.192966e+000 9
49 -2.386561e+000 9
50 -2.145415e+000 9
51 -2.181719e+000 9
52 -2.444536e+000 9
53 -2.151912e+000 9
54 -2.217366e+000 9
55 -2.445012e+000 9
56 -2.128334e+000 9
57 -2.182352e+000 9
58 -2.456363e+000 9
59 -2.124509e+000 9
60 -2.157281e+000 9
61 -2.494069e+000 9
62 -2.217666e+000 9
63 -2.202960e+000 9
64 -2.475684e+000 9
65 -2.337007e+000 9
66 -2.195108e+000 9
67 -2.393835e+000 9
68 -2.252949e+000 9
69 -2.197325e+000 9
70 -2.397108e+000 9
71 -2.262836e+000 9
72 -2.184898e+000 9
73 -2.390794e+000 9
74 -2.306603e+000 9
75 -2.156706e+000 9
76 -2.387798e+000 9
77 -2.308867e+000 9
78 -2.170191e+000 9
79 -2.382209e+000 9
80 -2.193896e+000 9
81 -2.217540e+000 9
82 -2.322519e+000 9
83 -2.118957e+000 9
84 -2.214773e+000 9
85 -2.337079e+000 9
86 -2.169864e+000 9
87 -2.110034e+000 9
88 -2.372515e+000 9
89 -2.314818e+000 9
90 -2.004921e+000 9
91 -2.404018e+000 9
92 -2.320268e+000 9
93 -2.027611e+000 9
94 -2.188371e+000 9
95 -2.278288e+000 9
96 -2.008852e+000 9
97 -2.015739e+000 9
98 -2.261595e+000 9
99 -1.908822e+000 9
100 -1.905784e+000 9

#epsilon= 1.906347e-003  dim= 8
0 -4.686388e+000 2
1 -2.672161e+000 2
2 -2.275826e+000 2
3 -4.280432e+000 2
4 -2.518360e+000 2
5 -2.265295e+000 2
6 -3.501513e+000 2
7 -2.503480e+000 2
8 -2.215317e+000 2
9 -3.152245e+000 2
10 -2.445825e+000 2
11 -2.281941e+000 2
12 -2.733100e+000 2
13 -2.598264e+000 2
14 -2.241254e+000 2
15 -2.409534e+000 2
16 -2.105535e+000 2
17 -1.976895e+000 2
18 -2.219119e+000 2
19 -1.960627e+000 2
20 -1.844277e+000 2
21 -2.161113e+000 2
22 -1.966839e+000 2
23 -1.744374e+000 2
24 -2.122500e+000 2
25 -1.898998e+000 2
26 -1.660844e+000 2
27 -2.085480e+000 2
28 -1.873189e+000 2
29 -1.627177e+000 2
30 -2.079320e+000 2
31 -1.845101e+000 2
32 -1.638319e+000 2
33 -2.059651e+000 2
34 -1.854372e+000 2
35 -1.631945e+000 2
36 -2.142041e+000 2
37 -1.831500e+000 2
38 -1.641108e+000 2
39 -2.018902e+000 2
40 -2.017648e+000 2
41 -1.840886e+000 2
42 -2.062200e+000 2
43 -2.181521e+000 2
44 -1.890195e+000 2
45 -2.124398e+000 2
46 -2.162811e+000 2
47 -2.085862e+000 2
48 -2.096397e+000 2
49 -2.259776e+000 2
50 -2.326523e+000 2
51 -2.067692e+000 2
52 -2.368568e+000 2
53 -2.335806e+000 2
54 -2.052078e+000 2
55 -2.470614e+000 2
56 -2.378514e+000 2
57 -2.046572e+000 2
58 -2.471835e+000 2
59 -2.404665e+000 2
60 -1.936296e+000 2
61 -2.520435e+000 2
62 -2.321877e+000 2
63 -2.117736e+000 2
64 -2.363253e+000 2
65 -2.054313e+000 2
66 -2.114562e+000 2
67 -2.135489e+000 2
68 -2.076159e+000 2
69 -2.048558e+000 2
70 -2.124395e+000 2
71 -2.154279e+000 2
72 -2.059752e+000 2
73 -2.097043e+000 2
74 -2.105514e+000 2
75 -2.053310e+000 2
76 -2.134502e+000 2
77 -2.186447e+000 2
78 -2.043270e+000 2
79 -2.001395e+000 2
80 -2.106066e+000 2
81 -2.040361e+000 2
82 -1.908326e+000 2
83 -2.050551e+000 2
84 -2.001735e+000 2
85 -1.874743e+000 2
86 -2.084375e+000 2
87 -1.740229e+000 2
88 -1.991933e+000 2
89 -2.450632e+000 2
90 -1.721965e+000 2
91 -2.014718e+000 2
92 -2.376539e+000 2
93 -1.747027e+000 2
94 -1.995928e+000 2
95 -2.352578e+000 2
96 -1.628150e+000 2
97 -1.947949e+000 2
98 -2.329595e+000 2
99 -1.603292e+000 2
100 -1.752326e+000 2

#epsilon= 1.906347e-003  dim= 9

#epsilon= 1.906347e-003  dim= 10

