#epsilon= 1.265180e-004  dim= 3
0 -7.258415e+000 9
1 -2.313531e+000 9
2 -2.415055e+000 9
3 -3.470810e+000 9
4 -2.536318e+000 9
5 -2.486262e+000 9
6 -3.059068e+000 9
7 -2.583134e+000 9
8 -2.475891e+000 9
9 -2.669008e+000 9
10 -2.571795e+000 9
11 -2.672726e+000 9
12 -2.567907e+000 9
13 -2.758844e+000 9
14 -2.363260e+000 9
15 -2.545898e+000 9
16 -2.717905e+000 9
17 -2.174818e+000 9
18 -2.799728e+000 9
19 -2.691605e+000 9
20 -2.274422e+000 9
21 -2.657840e+000 9
22 -2.270220e+000 9
23 -2.417839e+000 9
24 -2.596061e+000 9
25 -2.231453e+000 9
26 -2.641286e+000 9
27 -2.502276e+000 9
28 -2.117461e+000 9
29 -2.160416e+000 9
30 -2.377348e+000 9
31 -2.558012e+000 9
32 -2.109390e+000 9
33 -2.222578e+000 9
34 -2.609583e+000 9
35 -2.055051e+000 9
36 -2.192472e+000 9
37 -2.520279e+000 9
38 -2.270829e+000 9
39 -2.129322e+000 9
40 -2.379071e+000 9
41 -2.362849e+000 9
42 -2.133251e+000 9
43 -2.389540e+000 9
44 -2.452879e+000 9
45 -2.269412e+000 9
46 -2.419240e+000 9
47 -2.268121e+000 9
48 -2.259365e+000 9
49 -2.475395e+000 9
50 -1.985442e+000 9
51 -1.980105e+000 9
52 -2.274621e+000 9
53 -1.758184e+000 9
54 -2.046410e+000 9
55 -2.083520e+000 9
56 -1.825910e+000 9
57 -1.967109e+000 9
58 -2.183546e+000 9
59 -1.949515e+000 9
60 -2.277598e+000 9
61 -2.282130e+000 9
62 -2.528882e+000 9
63 -2.271419e+000 9
64 -2.507510e+000 9
65 -2.333840e+000 9
66 -2.382604e+000 9
67 -2.316690e+000 9
68 -2.334855e+000 9
69 -2.291855e+000 9
70 -2.248432e+000 9
71 -2.336156e+000 9
72 -2.204621e+000 9
73 -2.240954e+000 9
74 -2.258446e+000 9
75 -2.126528e+000 9
76 -2.170162e+000 9
77 -2.067166e+000 9
78 -2.036592e+000 9
79 -2.077799e+000 9
80 -2.165734e+000 9
81 -2.228067e+000 9
82 -2.358924e+000 9
83 -2.386470e+000 9
84 -2.486956e+000 9
85 -2.599550e+000 9
86 -2.848196e+000 9
87 -2.570471e+000 9
88 -2.835859e+000 9
89 -2.408319e+000 9
90 -2.827437e+000 9
91 -2.386478e+000 9
92 -2.215106e+000 9
93 -2.680066e+000 9
94 -2.333255e+000 9
95 -2.032028e+000 9
96 -2.494257e+000 9
97 -2.171073e+000 9
98 -2.101757e+000 9
99 -2.120555e+000 9
100 -2.190312e+000 9

#epsilon= 1.265180e-004  dim= 4

#epsilon= 1.265180e-004  dim= 5

#epsilon= 1.265180e-004  dim= 6

#epsilon= 1.265180e-004  dim= 7

#epsilon= 1.265180e-004  dim= 8

#epsilon= 1.265180e-004  dim= 9

#epsilon= 1.265180e-004  dim= 10

#epsilon= 2.249843e-004  dim= 3
0 -6.721627e+000 37
1 -2.489950e+000 37
2 -2.482913e+000 37
3 -3.737603e+000 37
4 -2.497679e+000 37
5 -2.612765e+000 37
6 -2.983954e+000 37
7 -2.685208e+000 37
8 -2.632485e+000 37
9 -2.588500e+000 37
10 -2.467652e+000 37
11 -2.622238e+000 37
12 -2.489063e+000 37
13 -2.556646e+000 37
14 -2.551263e+000 37
15 -2.425026e+000 37
16 -2.499553e+000 37
17 -2.421438e+000 37
18 -2.476869e+000 37
19 -2.544826e+000 37
20 -2.476192e+000 37
21 -2.404108e+000 37
22 -2.471459e+000 37
23 -2.273905e+000 37
24 -2.404171e+000 37
25 -2.557941e+000 37
26 -2.409246e+000 37
27 -2.369438e+000 37
28 -2.502017e+000 37
29 -2.306784e+000 37
30 -2.414013e+000 37
31 -2.624407e+000 37
32 -2.365407e+000 37
33 -2.372264e+000 37
34 -2.670091e+000 37
35 -2.236453e+000 37
36 -2.381481e+000 37
37 -2.544320e+000 37
38 -2.294625e+000 37
39 -2.375840e+000 37
40 -2.434591e+000 37
41 -2.328296e+000 37
42 -2.319266e+000 37
43 -2.375426e+000 37
44 -2.388701e+000 37
45 -2.409484e+000 37
46 -2.462195e+000 37
47 -2.346704e+000 37
48 -2.470433e+000 37
49 -2.428048e+000 37
50 -2.273918e+000 37
51 -2.399123e+000 37
52 -2.356297e+000 37
53 -2.151423e+000 37
54 -2.366833e+000 37
55 -2.315973e+000 37
56 -2.059741e+000 37
57 -2.211466e+000 37
58 -2.366761e+000 37
59 -2.065776e+000 37
60 -2.228911e+000 37
61 -2.459478e+000 37
62 -2.233128e+000 37
63 -2.219462e+000 37
64 -2.520322e+000 37
65 -2.306126e+000 37
66 -2.256357e+000 37
67 -2.522573e+000 37
68 -2.385802e+000 37
69 -2.357918e+000 37
70 -2.480624e+000 37
71 -2.414302e+000 37
72 -2.429162e+000 37
73 -2.477759e+000 37
74 -2.450650e+000 37
75 -2.431784e+000 37
76 -2.449415e+000 37
77 -2.462636e+000 37
78 -2.330015e+000 37
79 -2.487898e+000 37
80 -2.385336e+000 37
81 -2.225064e+000 37
82 -2.403068e+000 37
83 -2.381247e+000 37
84 -2.233299e+000 37
85 -2.429358e+000 37
86 -2.515104e+000 37
87 -2.246403e+000 37
88 -2.524967e+000 37
89 -2.527974e+000 37
90 -2.488607e+000 37
91 -2.611181e+000 37
92 -2.459739e+000 37
93 -2.523815e+000 37
94 -2.494144e+000 37
95 -2.360154e+000 37
96 -2.558371e+000 37
97 -2.472288e+000 37
98 -2.336791e+000 37
99 -2.380217e+000 37
100 -2.485253e+000 37

#epsilon= 2.249843e-004  dim= 4
0 -6.413109e+000 2
1 -2.052129e+000 2
2 -2.828077e+000 2
3 -2.867207e+000 2
4 -2.105818e+000 2
5 -2.786009e+000 2
6 -2.555677e+000 2
7 -2.687589e+000 2
8 -2.613195e+000 2
9 -1.839264e+000 2
10 -2.470115e+000 2
11 -2.631281e+000 2
12 -1.702981e+000 2
13 -2.633354e+000 2
14 -2.527117e+000 2
15 -1.727151e+000 2
16 -2.536377e+000 2
17 -2.231627e+000 2
18 -1.773579e+000 2
19 -2.604626e+000 2
20 -2.247062e+000 2
21 -2.426087e+000 2
22 -2.304159e+000 2
23 -2.165571e+000 2
24 -2.496946e+000 2
25 -2.259747e+000 2
26 -2.195849e+000 2
27 -2.547496e+000 2
28 -2.257149e+000 2
29 -2.276675e+000 2
30 -1.884282e+000 2
31 -2.257140e+000 2
32 -1.835749e+000 2
33 -1.664985e+000 2
34 -2.543213e+000 2
35 -1.806840e+000 2
36 -1.699630e+000 2
37 -2.547513e+000 2
38 -1.790060e+000 2
39 -1.520942e+000 2
40 -2.538826e+000 2
41 -1.965384e+000 2
42 -1.870655e+000 2
43 -2.475918e+000 2
44 -2.133529e+000 2
45 -1.997198e+000 2
46 -2.627078e+000 2
47 -1.899294e+000 2
48 -2.001577e+000 2
49 -2.576167e+000 2
50 -1.737110e+000 2
51 -2.666219e+000 2
52 -2.212120e+000 2
53 -1.770817e+000 2
54 -2.545232e+000 2
55 -1.889009e+000 2
56 -1.345380e+000 2
57 -1.341578e+000 2
58 -1.858952e+000 2
59 -1.387635e+000 2
60 -1.333686e+000 2
61 -1.857831e+000 2
62 -1.497231e+000 2
63 -1.331801e+000 2
64 -2.009099e+000 2
65 -1.514073e+000 2
66 -1.339323e+000 2
67 -2.229177e+000 2
68 -2.112869e+000 2
69 -2.566063e+000 2
70 -2.131892e+000 2
71 -2.259392e+000 2
72 -2.473889e+000 2
73 -2.026206e+000 2
74 -2.387109e+000 2
75 -2.765796e+000 2
76 -2.171191e+000 2
77 -2.386402e+000 2
78 -2.367143e+000 2
79 -2.331865e+000 2
80 -2.126861e+000 2
81 -1.949506e+000 2
82 -2.417330e+000 2
83 -1.957703e+000 2
84 -1.978035e+000 2
85 -2.637747e+000 2
86 -1.972527e+000 2
87 -1.966929e+000 2
88 -2.543602e+000 2
89 -1.832890e+000 2
90 -2.173675e+000 2
91 -2.793297e+000 2
92 -1.962817e+000 2
93 -2.426992e+000 2
94 -2.734817e+000 2
95 -2.161057e+000 2
96 -2.283167e+000 2
97 -2.746348e+000 2
98 -2.203678e+000 2
99 -2.118283e+000 2
100 -2.602877e+000 2

#epsilon= 2.249843e-004  dim= 5

#epsilon= 2.249843e-004  dim= 6

#epsilon= 2.249843e-004  dim= 7

#epsilon= 2.249843e-004  dim= 8

#epsilon= 2.249843e-004  dim= 9

#epsilon= 2.249843e-004  dim= 10

#epsilon= 4.000849e-004  dim= 3
0 -6.063582e+000 148
1 -2.507663e+000 148
2 -2.432304e+000 148
3 -3.408410e+000 148
4 -2.527879e+000 148
5 -2.423574e+000 148
6 -2.717268e+000 148
7 -2.528161e+000 148
8 -2.449882e+000 148
9 -2.416329e+000 148
10 -2.469603e+000 148
11 -2.502032e+000 148
12 -2.384460e+000 148
13 -2.464412e+000 148
14 -2.434525e+000 148
15 -2.434984e+000 148
16 -2.418947e+000 148
17 -2.375133e+000 148
18 -2.473637e+000 148
19 -2.386729e+000 148
20 -2.374655e+000 148
21 -2.453695e+000 148
22 -2.387931e+000 148
23 -2.352662e+000 148
24 -2.418747e+000 148
25 -2.444339e+000 148
26 -2.373789e+000 148
27 -2.365186e+000 148
28 -2.413252e+000 148
29 -2.324125e+000 148
30 -2.351269e+000 148
31 -2.346138e+000 148
32 -2.323056e+000 148
33 -2.344188e+000 148
34 -2.380673e+000 148
35 -2.288203e+000 148
36 -2.329694e+000 148
37 -2.354356e+000 148
38 -2.299220e+000 148
39 -2.303785e+000 148
40 -2.393161e+000 148
41 -2.317333e+000 148
42 -2.354429e+000 148
43 -2.314748e+000 148
44 -2.370522e+000 148
45 -2.395031e+000 148
46 -2.269872e+000 148
47 -2.366671e+000 148
48 -2.354578e+000 148
49 -2.269662e+000 148
50 -2.315814e+000 148
51 -2.334175e+000 148
52 -2.335152e+000 148
53 -2.273200e+000 148
54 -2.297164e+000 148
55 -2.307409e+000 148
56 -2.283192e+000 148
57 -2.299822e+000 148
58 -2.294599e+000 148
59 -2.282761e+000 148
60 -2.281826e+000 148
61 -2.294218e+000 148
62 -2.279700e+000 148
63 -2.247322e+000 148
64 -2.334407e+000 148
65 -2.324695e+000 148
66 -2.246872e+000 148
67 -2.383050e+000 148
68 -2.342256e+000 148
69 -2.286409e+000 148
70 -2.367721e+000 148
71 -2.396075e+000 148
72 -2.299574e+000 148
73 -2.358116e+000 148
74 -2.337765e+000 148
75 -2.293816e+000 148
76 -2.351360e+000 148
77 -2.312677e+000 148
78 -2.286329e+000 148
79 -2.339489e+000 148
80 -2.266583e+000 148
81 -2.304412e+000 148
82 -2.265911e+000 148
83 -2.293234e+000 148
84 -2.246656e+000 148
85 -2.228036e+000 148
86 -2.286141e+000 148
87 -2.283608e+000 148
88 -2.215826e+000 148
89 -2.288168e+000 148
90 -2.297407e+000 148
91 -2.243373e+000 148
92 -2.311386e+000 148
93 -2.288944e+000 148
94 -2.323135e+000 148
95 -2.356384e+000 148
96 -2.333039e+000 148
97 -2.356322e+000 148
98 -2.366989e+000 148
99 -2.330415e+000 148
100 -2.384682e+000 148

#epsilon= 4.000849e-004  dim= 4
0 -6.048776e+000 9
1 -2.390361e+000 9
2 -2.253991e+000 9
3 -4.001187e+000 9
4 -2.254844e+000 9
5 -2.311226e+000 9
6 -3.124106e+000 9
7 -2.371905e+000 9
8 -2.251856e+000 9
9 -2.533642e+000 9
10 -2.339606e+000 9
11 -2.166531e+000 9
12 -2.293734e+000 9
13 -2.306466e+000 9
14 -2.111360e+000 9
15 -2.284641e+000 9
16 -2.256308e+000 9
17 -2.022806e+000 9
18 -2.477354e+000 9
19 -2.268872e+000 9
20 -1.866025e+000 9
21 -2.578358e+000 9
22 -2.176208e+000 9
23 -1.955416e+000 9
24 -2.540565e+000 9
25 -2.316142e+000 9
26 -2.070616e+000 9
27 -2.580643e+000 9
28 -2.306715e+000 9
29 -2.104708e+000 9
30 -2.295331e+000 9
31 -2.311011e+000 9
32 -2.075739e+000 9
33 -2.233274e+000 9
34 -2.407812e+000 9
35 -2.066312e+000 9
36 -2.197326e+000 9
37 -2.230327e+000 9
38 -2.091201e+000 9
39 -2.190963e+000 9
40 -2.335528e+000 9
41 -2.077982e+000 9
42 -2.293386e+000 9
43 -2.252936e+000 9
44 -2.189657e+000 9
45 -2.413432e+000 9
46 -2.148833e+000 9
47 -2.156247e+000 9
48 -2.360550e+000 9
49 -2.203200e+000 9
50 -2.123734e+000 9
51 -2.340284e+000 9
52 -2.120046e+000 9
53 -2.105392e+000 9
54 -2.286614e+000 9
55 -2.157827e+000 9
56 -2.081850e+000 9
57 -1.905436e+000 9
58 -2.191224e+000 9
59 -2.155931e+000 9
60 -1.780439e+000 9
61 -2.184699e+000 9
62 -2.186816e+000 9
63 -1.769587e+000 9
64 -2.206183e+000 9
65 -2.192856e+000 9
66 -1.779834e+000 9
67 -2.284765e+000 9
68 -2.304343e+000 9
69 -2.054264e+000 9
70 -2.404802e+000 9
71 -2.060638e+000 9
72 -2.213765e+000 9
73 -2.230120e+000 9
74 -2.005604e+000 9
75 -2.259766e+000 9
76 -2.230838e+000 9
77 -1.928690e+000 9
78 -2.135438e+000 9
79 -2.278070e+000 9
80 -1.834014e+000 9
81 -2.152332e+000 9
82 -2.289409e+000 9
83 -2.053960e+000 9
84 -2.122728e+000 9
85 -2.335873e+000 9
86 -2.221293e+000 9
87 -2.127455e+000 9
88 -2.148574e+000 9
89 -2.387895e+000 9
90 -2.187806e+000 9
91 -2.124200e+000 9
92 -2.304459e+000 9
93 -2.240575e+000 9
94 -2.020775e+000 9
95 -2.229101e+000 9
96 -2.287422e+000 9
97 -2.080004e+000 9
98 -2.304136e+000 9
99 -2.317520e+000 9
100 -2.211637e+000 9

#epsilon= 4.000849e-004  dim= 5
0 -5.939047e+000 1
1 -2.633743e+000 1
2 -2.079863e+000 1
3 -5.427609e+000 1
4 -2.444485e+000 1
5 -1.913356e+000 1
6 -3.050262e+000 1
7 -2.302840e+000 1
8 -1.973139e+000 1
9 -2.897978e+000 1
10 -2.304858e+000 1
11 -1.945954e+000 1
12 -2.578532e+000 1
13 -2.021198e+000 1
14 -1.939503e+000 1
15 -2.541949e+000 1
16 -1.862844e+000 1
17 -1.813510e+000 1
18 -2.542460e+000 1
19 -1.882124e+000 1
20 -1.931994e+000 1
21 -2.339002e+000 1
22 -1.925691e+000 1
23 -1.878656e+000 1
24 -1.743740e+000 1
25 -1.905957e+000 1
26 -1.991050e+000 1
27 -1.671292e+000 1
28 -1.953386e+000 1
29 -2.037839e+000 1
30 -1.231167e+000 1
31 -2.292713e+000 1
32 -1.974236e+000 1
33 -1.226292e+000 1
34 -2.240841e+000 1
35 -1.989971e+000 1
36 -1.250662e+000 1
37 -2.081901e+000 1
38 -2.234912e+000 1
39 -1.391421e+000 1
40 -2.087174e+000 1
41 -1.583108e+000 1
42 -1.428350e+000 1
43 -1.978946e+000 1
44 -1.572593e+000 1
45 -2.428134e+000 1
46 -1.890289e+000 1
47 -1.433970e+000 1
48 -2.462143e+000 1
49 -1.966172e+000 1
50 -1.415365e+000 1
51 -2.162742e+000 1
52 -2.061344e+000 1
53 -1.430195e+000 1
54 -2.191465e+000 1
55 -1.826008e+000 1
56 -1.823591e+000 1
57 -2.105191e+000 1
58 -2.034724e+000 1
59 -1.503605e+000 1
60 -1.834614e+000 1
61 -2.153740e+000 1
62 -1.792450e+000 1
63 -1.824661e+000 1
64 -1.762414e+000 1
65 -1.704943e+000 1
66 -1.976744e+000 1
67 -1.725231e+000 1
68 -1.562147e+000 1
69 -1.931724e+000 1
70 -1.766838e+000 1
71 -1.050898e+000 1
72 -1.960280e+000 1
73 -1.764972e+000 1
74 -1.133415e+000 1
75 -2.293828e+000 1
76 -1.766901e+000 1
77 -1.130528e+000 1
78 -2.196546e+000 1
79 -2.192546e+000 1
80 -1.168704e+000 1
81 -2.141116e+000 1
82 -1.966888e+000 1
83 -1.182512e+000 1
84 -2.201023e+000 1
85 -1.881399e+000 1
86 -2.028770e+000 1
87 -2.400604e+000 1
88 -1.721074e+000 1
89 -2.226727e+000 1
90 -2.464418e+000 1
91 -1.214709e+000 1
92 -1.761353e+000 1
93 -2.406027e+000 1
94 -1.154166e+000 1
95 -1.693652e+000 1
96 -2.529221e+000 1
97 -1.157407e+000 1
98 -1.837196e+000 1
99 -2.524692e+000 1
100 -1.219487e+000 1

#epsilon= 4.000849e-004  dim= 6

#epsilon= 4.000849e-004  dim= 7

#epsilon= 4.000849e-004  dim= 8

#epsilon= 4.000849e-004  dim= 9

#epsilon= 4.000849e-004  dim= 10

#epsilon= 7.114628e-004  dim= 3
0 -5.475058e+000 312
1 -2.382067e+000 312
2 -2.388617e+000 312
3 -3.205391e+000 312
4 -2.380457e+000 312
5 -2.369128e+000 312
6 -2.612990e+000 312
7 -2.341032e+000 312
8 -2.326629e+000 312
9 -2.348470e+000 312
10 -2.336941e+000 312
11 -2.344248e+000 312
12 -2.328168e+000 312
13 -2.326456e+000 312
14 -2.332435e+000 312
15 -2.337546e+000 312
16 -2.336735e+000 312
17 -2.297476e+000 312
18 -2.308147e+000 312
19 -2.330802e+000 312
20 -2.303446e+000 312
21 -2.314379e+000 312
22 -2.315838e+000 312
23 -2.302598e+000 312
24 -2.344631e+000 312
25 -2.349384e+000 312
26 -2.298853e+000 312
27 -2.319292e+000 312
28 -2.335216e+000 312
29 -2.279809e+000 312
30 -2.320448e+000 312
31 -2.333434e+000 312
32 -2.261466e+000 312
33 -2.284144e+000 312
34 -2.308933e+000 312
35 -2.275920e+000 312
36 -2.287099e+000 312
37 -2.337568e+000 312
38 -2.299361e+000 312
39 -2.272223e+000 312
40 -2.326243e+000 312
41 -2.317632e+000 312
42 -2.277390e+000 312
43 -2.279710e+000 312
44 -2.328608e+000 312
45 -2.283235e+000 312
46 -2.195822e+000 312
47 -2.308878e+000 312
48 -2.303434e+000 312
49 -2.208393e+000 312
50 -2.275562e+000 312
51 -2.284385e+000 312
52 -2.262821e+000 312
53 -2.285780e+000 312
54 -2.272359e+000 312
55 -2.282624e+000 312
56 -2.276128e+000 312
57 -2.274555e+000 312
58 -2.275242e+000 312
59 -2.253492e+000 312
60 -2.253383e+000 312
61 -2.271333e+000 312
62 -2.228981e+000 312
63 -2.232755e+000 312
64 -2.298711e+000 312
65 -2.257209e+000 312
66 -2.256946e+000 312
67 -2.295042e+000 312
68 -2.271830e+000 312
69 -2.312408e+000 312
70 -2.269130e+000 312
71 -2.288887e+000 312
72 -2.304442e+000 312
73 -2.238450e+000 312
74 -2.259994e+000 312
75 -2.275680e+000 312
76 -2.239014e+000 312
77 -2.275759e+000 312
78 -2.246209e+000 312
79 -2.254422e+000 312
80 -2.274802e+000 312
81 -2.231538e+000 312
82 -2.258729e+000 312
83 -2.282172e+000 312
84 -2.243978e+000 312
85 -2.229974e+000 312
86 -2.272151e+000 312
87 -2.232328e+000 312
88 -2.216651e+000 312
89 -2.266796e+000 312
90 -2.221345e+000 312
91 -2.219942e+000 312
92 -2.265196e+000 312
93 -2.241869e+000 312
94 -2.255539e+000 312
95 -2.286381e+000 312
96 -2.289945e+000 312
97 -2.320450e+000 312
98 -2.334443e+000 312
99 -2.294465e+000 312
100 -2.302282e+000 312

#epsilon= 7.114628e-004  dim= 4
0 -5.445493e+000 62
1 -2.341465e+000 62
2 -2.358404e+000 62
3 -3.338252e+000 62
4 -2.339679e+000 62
5 -2.420128e+000 62
6 -2.847967e+000 62
7 -2.356438e+000 62
8 -2.338240e+000 62
9 -2.562043e+000 62
10 -2.254763e+000 62
11 -2.288837e+000 62
12 -2.322638e+000 62
13 -2.284283e+000 62
14 -2.272238e+000 62
15 -2.305175e+000 62
16 -2.265942e+000 62
17 -2.174336e+000 62
18 -2.273417e+000 62
19 -2.290017e+000 62
20 -2.190897e+000 62
21 -2.336054e+000 62
22 -2.402112e+000 62
23 -2.221690e+000 62
24 -2.311781e+000 62
25 -2.415901e+000 62
26 -2.224414e+000 62
27 -2.278265e+000 62
28 -2.370354e+000 62
29 -2.258608e+000 62
30 -2.291132e+000 62
31 -2.319632e+000 62
32 -2.248213e+000 62
33 -2.235262e+000 62
34 -2.328209e+000 62
35 -2.216202e+000 62
36 -2.192783e+000 62
37 -2.281897e+000 62
38 -2.215265e+000 62
39 -2.216488e+000 62
40 -2.258797e+000 62
41 -2.175768e+000 62
42 -2.198190e+000 62
43 -2.202074e+000 62
44 -2.200175e+000 62
45 -2.273640e+000 62
46 -2.168104e+000 62
47 -2.161390e+000 62
48 -2.278531e+000 62
49 -2.114830e+000 62
50 -2.167860e+000 62
51 -2.273189e+000 62
52 -2.041052e+000 62
53 -2.232702e+000 62
54 -2.270508e+000 62
55 -2.107422e+000 62
56 -2.189105e+000 62
57 -2.192153e+000 62
58 -2.115388e+000 62
59 -2.141863e+000 62
60 -2.087850e+000 62
61 -2.097038e+000 62
62 -2.132185e+000 62
63 -2.079364e+000 62
64 -2.131653e+000 62
65 -2.215359e+000 62
66 -2.039668e+000 62
67 -2.107009e+000 62
68 -2.165590e+000 62
69 -2.048281e+000 62
70 -2.145746e+000 62
71 -2.225452e+000 62
72 -2.116452e+000 62
73 -2.157644e+000 62
74 -2.186570e+000 62
75 -2.165851e+000 62
76 -2.146466e+000 62
77 -2.121361e+000 62
78 -2.163986e+000 62
79 -2.170841e+000 62
80 -2.212222e+000 62
81 -2.199973e+000 62
82 -2.093440e+000 62
83 -2.210746e+000 62
84 -2.179576e+000 62
85 -2.008658e+000 62
86 -2.195068e+000 62
87 -2.231054e+000 62
88 -2.018825e+000 62
89 -2.192511e+000 62
90 -2.207608e+000 62
91 -2.012102e+000 62
92 -2.185654e+000 62
93 -2.225590e+000 62
94 -2.039639e+000 62
95 -2.155835e+000 62
96 -2.210121e+000 62
97 -2.031677e+000 62
98 -2.205603e+000 62
99 -2.163748e+000 62
100 -2.076597e+000 62

#epsilon= 7.114628e-004  dim= 5
0 -5.683328e+000 2
1 -2.539114e+000 2
2 -1.996610e+000 2
3 -4.238935e+000 2
4 -2.373663e+000 2
5 -1.943248e+000 2
6 -2.974120e+000 2
7 -2.303849e+000 2
8 -1.959547e+000 2
9 -2.738255e+000 2
10 -2.163028e+000 2
11 -1.942729e+000 2
12 -2.560241e+000 2
13 -1.942021e+000 2
14 -1.876507e+000 2
15 -2.542205e+000 2
16 -1.872484e+000 2
17 -1.872752e+000 2
18 -2.440731e+000 2
19 -1.903908e+000 2
20 -1.905325e+000 2
21 -2.041371e+000 2
22 -1.915824e+000 2
23 -1.934853e+000 2
24 -1.707516e+000 2
25 -1.929671e+000 2
26 -2.014445e+000 2
27 -1.451229e+000 2
28 -2.123050e+000 2
29 -2.006038e+000 2
30 -1.228729e+000 2
31 -2.266777e+000 2
32 -1.982104e+000 2
33 -1.238477e+000 2
34 -2.161371e+000 2
35 -2.112442e+000 2
36 -1.321042e+000 2
37 -2.084537e+000 2
38 -1.909010e+000 2
39 -1.409886e+000 2
40 -2.033060e+000 2
41 -1.577851e+000 2
42 -1.928242e+000 2
43 -1.934618e+000 2
44 -1.503281e+000 2
45 -2.445138e+000 2
46 -1.928230e+000 2
47 -1.424667e+000 2
48 -2.312443e+000 2
49 -2.013758e+000 2
50 -1.422780e+000 2
51 -2.177104e+000 2
52 -1.943676e+000 2
53 -1.626893e+000 2
54 -2.148328e+000 2
55 -1.930366e+000 2
56 -1.663598e+000 2
57 -1.969902e+000 2
58 -2.094232e+000 2
59 -1.648028e+000 2
60 -1.829638e+000 2
61 -1.958077e+000 2
62 -1.748696e+000 2
63 -1.900702e+000 2
64 -1.743823e+000 2
65 -1.633545e+000 2
66 -1.954234e+000 2
67 -1.746035e+000 2
68 -1.306522e+000 2
69 -1.946002e+000 2
70 -1.765905e+000 2
71 -1.092156e+000 2
72 -2.127054e+000 2
73 -1.765937e+000 2
74 -1.131971e+000 2
75 -2.245187e+000 2
76 -1.979724e+000 2
77 -1.149616e+000 2
78 -2.168831e+000 2
79 -2.079717e+000 2
80 -1.175608e+000 2
81 -2.171069e+000 2
82 -1.924143e+000 2
83 -1.605641e+000 2
84 -2.300813e+000 2
85 -1.801236e+000 2
86 -2.127749e+000 2
87 -2.432511e+000 2
88 -1.467891e+000 2
89 -1.994040e+000 2
90 -2.435222e+000 2
91 -1.184437e+000 2
92 -1.727502e+000 2
93 -2.467624e+000 2
94 -1.155786e+000 2
95 -1.765424e+000 2
96 -2.526957e+000 2
97 -1.188447e+000 2
98 -1.834238e+000 2
99 -2.504368e+000 2
100 -1.247887e+000 2

#epsilon= 7.114628e-004  dim= 6
0 -5.422696e+000 1
1 -2.360297e+000 1
2 -1.907661e+000 1
3 -3.050261e+000 1
4 -2.295754e+000 1
5 -1.778224e+000 1
6 -2.897973e+000 1
7 -2.301284e+000 1
8 -1.842481e+000 1
9 -2.578222e+000 1
10 -2.017561e+000 1
11 -1.906718e+000 1
12 -2.541695e+000 1
13 -1.796237e+000 1
14 -1.812457e+000 1
15 -2.541447e+000 1
16 -1.807102e+000 1
17 -1.798552e+000 1
18 -2.231838e+000 1
19 -1.867802e+000 1
20 -1.751526e+000 1
21 -1.730856e+000 1
22 -1.905252e+000 1
23 -1.856216e+000 1
24 -1.634192e+000 1
25 -1.790745e+000 1
26 -1.991047e+000 1
27 -1.228591e+000 1
28 -1.951676e+000 1
29 -1.839183e+000 1
30 -1.226256e+000 1
31 -2.128801e+000 1
32 -1.968816e+000 1
33 -1.219163e+000 1
34 -2.060692e+000 1
35 -1.941948e+000 1
36 -1.238821e+000 1
37 -2.059159e+000 1
38 -1.570558e+000 1
39 -1.367083e+000 1
40 -1.847818e+000 1
41 -1.572592e+000 1
42 -1.422708e+000 1
43 -1.888782e+000 1
44 -1.365920e+000 1
45 -2.407378e+000 1
46 -1.874219e+000 1
47 -1.413586e+000 1
48 -2.118076e+000 1
49 -1.929037e+000 1
50 -1.414006e+000 1
51 -2.118420e+000 1
52 -1.812253e+000 1
53 -1.424954e+000 1
54 -2.010740e+000 1
55 -1.814678e+000 1
56 -1.494621e+000 1
57 -1.821989e+000 1
58 -2.030190e+000 1
59 -1.500071e+000 1
60 -1.818362e+000 1
61 -1.749926e+000 1
62 -1.670393e+000 1
63 -1.817519e+000 1
64 -1.701973e+000 1
65 -1.560326e+000 1
66 -1.903347e+000 1
67 -1.613722e+000 1
68 -1.048436e+000 1
69 -1.839115e+000 1
70 -1.754930e+000 1
71 -1.028248e+000 1
72 -1.920221e+000 1
73 -1.764243e+000 1
74 -1.128849e+000 1
75 -2.163589e+000 1
76 -1.766859e+000 1
77 -1.130494e+000 1
78 -2.127751e+000 1
79 -1.878480e+000 1
80 -1.126752e+000 1
81 -2.090405e+000 1
82 -1.734527e+000 1
83 -1.170852e+000 1
84 -2.191332e+000 1
85 -1.710196e+000 1
86 -2.028445e+000 1
87 -2.361468e+000 1
88 -1.214466e+000 1
89 -1.745502e+000 1
90 -2.247744e+000 1
91 -1.154153e+000 1
92 -1.693549e+000 1
93 -2.403094e+000 1
94 -1.105106e+000 1
95 -1.693387e+000 1
96 -2.421231e+000 1
97 -1.157191e+000 1
98 -1.789865e+000 1
99 -2.467100e+000 1
100 -1.218848e+000 1

#epsilon= 7.114628e-004  dim= 7

#epsilon= 7.114628e-004  dim= 8

#epsilon= 7.114628e-004  dim= 9

#epsilon= 7.114628e-004  dim= 10

#epsilon= 1.265180e-003  dim= 3
0 -4.869035e+000 429
1 -2.275183e+000 429
2 -2.249346e+000 429
3 -2.959895e+000 429
4 -2.267109e+000 429
5 -2.233466e+000 429
6 -2.466562e+000 429
7 -2.242762e+000 429
8 -2.226130e+000 429
9 -2.223370e+000 429
10 -2.228769e+000 429
11 -2.233620e+000 429
12 -2.214300e+000 429
13 -2.210597e+000 429
14 -2.239014e+000 429
15 -2.230235e+000 429
16 -2.230451e+000 429
17 -2.235342e+000 429
18 -2.229187e+000 429
19 -2.253596e+000 429
20 -2.243606e+000 429
21 -2.241112e+000 429
22 -2.242392e+000 429
23 -2.246573e+000 429
24 -2.247416e+000 429
25 -2.235942e+000 429
26 -2.227249e+000 429
27 -2.234680e+000 429
28 -2.217848e+000 429
29 -2.211809e+000 429
30 -2.220142e+000 429
31 -2.211544e+000 429
32 -2.189739e+000 429
33 -2.217662e+000 429
34 -2.218923e+000 429
35 -2.187872e+000 429
36 -2.217374e+000 429
37 -2.233955e+000 429
38 -2.203971e+000 429
39 -2.212535e+000 429
40 -2.218620e+000 429
41 -2.224834e+000 429
42 -2.226962e+000 429
43 -2.209766e+000 429
44 -2.226051e+000 429
45 -2.219677e+000 429
46 -2.209593e+000 429
47 -2.237166e+000 429
48 -2.214342e+000 429
49 -2.198951e+000 429
50 -2.225710e+000 429
51 -2.202218e+000 429
52 -2.190336e+000 429
53 -2.222933e+000 429
54 -2.186024e+000 429
55 -2.198042e+000 429
56 -2.222933e+000 429
57 -2.183533e+000 429
58 -2.199918e+000 429
59 -2.195676e+000 429
60 -2.195422e+000 429
61 -2.224262e+000 429
62 -2.200551e+000 429
63 -2.199866e+000 429
64 -2.220935e+000 429
65 -2.213930e+000 429
66 -2.223118e+000 429
67 -2.213591e+000 429
68 -2.224645e+000 429
69 -2.224517e+000 429
70 -2.207170e+000 429
71 -2.218789e+000 429
72 -2.223110e+000 429
73 -2.198738e+000 429
74 -2.203297e+000 429
75 -2.199467e+000 429
76 -2.170627e+000 429
77 -2.193181e+000 429
78 -2.191833e+000 429
79 -2.158977e+000 429
80 -2.194736e+000 429
81 -2.179699e+000 429
82 -2.172372e+000 429
83 -2.207555e+000 429
84 -2.172905e+000 429
85 -2.212900e+000 429
86 -2.207174e+000 429
87 -2.185064e+000 429
88 -2.233455e+000 429
89 -2.201366e+000 429
90 -2.198242e+000 429
91 -2.227406e+000 429
92 -2.195505e+000 429
93 -2.219030e+000 429
94 -2.219251e+000 429
95 -2.221591e+000 429
96 -2.232909e+000 429
97 -2.211205e+000 429
98 -2.245611e+000 429
99 -2.226694e+000 429
100 -2.202770e+000 429

#epsilon= 1.265180e-003  dim= 4
0 -4.836315e+000 227
1 -2.282985e+000 227
2 -2.229611e+000 227
3 -3.214218e+000 227
4 -2.262202e+000 227
5 -2.220905e+000 227
6 -2.705410e+000 227
7 -2.236314e+000 227
8 -2.202448e+000 227
9 -2.421353e+000 227
10 -2.186895e+000 227
11 -2.164477e+000 227
12 -2.213400e+000 227
13 -2.170842e+000 227
14 -2.202354e+000 227
15 -2.192518e+000 227
16 -2.135344e+000 227
17 -2.206127e+000 227
18 -2.164828e+000 227
19 -2.171444e+000 227
20 -2.214753e+000 227
21 -2.154674e+000 227
22 -2.233141e+000 227
23 -2.211339e+000 227
24 -2.176306e+000 227
25 -2.172458e+000 227
26 -2.184357e+000 227
27 -2.171109e+000 227
28 -2.196182e+000 227
29 -2.161428e+000 227
30 -2.182534e+000 227
31 -2.163574e+000 227
32 -2.125879e+000 227
33 -2.182882e+000 227
34 -2.164355e+000 227
35 -2.142436e+000 227
36 -2.174435e+000 227
37 -2.217439e+000 227
38 -2.132602e+000 227
39 -2.165790e+000 227
40 -2.193206e+000 227
41 -2.139711e+000 227
42 -2.192673e+000 227
43 -2.154970e+000 227
44 -2.178298e+000 227
45 -2.160596e+000 227
46 -2.147687e+000 227
47 -2.173269e+000 227
48 -2.159236e+000 227
49 -2.115290e+000 227
50 -2.187450e+000 227
51 -2.159514e+000 227
52 -2.122440e+000 227
53 -2.186432e+000 227
54 -2.124106e+000 227
55 -2.133565e+000 227
56 -2.154189e+000 227
57 -2.116314e+000 227
58 -2.124089e+000 227
59 -2.115530e+000 227
60 -2.079189e+000 227
61 -2.125421e+000 227
62 -2.109738e+000 227
63 -2.099403e+000 227
64 -2.136473e+000 227
65 -2.140588e+000 227
66 -2.108212e+000 227
67 -2.138346e+000 227
68 -2.147069e+000 227
69 -2.120798e+000 227
70 -2.122597e+000 227
71 -2.187444e+000 227
72 -2.151528e+000 227
73 -2.100708e+000 227
74 -2.184213e+000 227
75 -2.133928e+000 227
76 -2.092528e+000 227
77 -2.155305e+000 227
78 -2.120124e+000 227
79 -2.067720e+000 227
80 -2.172605e+000 227
81 -2.120066e+000 227
82 -2.057885e+000 227
83 -2.171843e+000 227
84 -2.114008e+000 227
85 -2.109328e+000 227
86 -2.185729e+000 227
87 -2.141194e+000 227
88 -2.117013e+000 227
89 -2.216825e+000 227
90 -2.126050e+000 227
91 -2.123956e+000 227
92 -2.198180e+000 227
93 -2.166806e+000 227
94 -2.134924e+000 227
95 -2.190845e+000 227
96 -2.171172e+000 227
97 -2.104935e+000 227
98 -2.198062e+000 227
99 -2.140996e+000 227
100 -2.088192e+000 227

#epsilon= 1.265180e-003  dim= 5
0 -4.778541e+000 56
1 -2.202405e+000 56
2 -2.245240e+000 56
3 -3.417059e+000 56
4 -2.179450e+000 56
5 -2.237309e+000 56
6 -2.790328e+000 56
7 -2.200828e+000 56
8 -2.253063e+000 56
9 -2.398996e+000 56
10 -2.138457e+000 56
11 -2.186034e+000 56
12 -2.255658e+000 56
13 -2.100703e+000 56
14 -2.148372e+000 56
15 -2.144215e+000 56
16 -2.169378e+000 56
17 -1.991099e+000 56
18 -2.087887e+000 56
19 -2.136885e+000 56
20 -1.961666e+000 56
21 -2.102189e+000 56
22 -2.113143e+000 56
23 -1.981130e+000 56
24 -2.163261e+000 56
25 -2.160197e+000 56
26 -1.979815e+000 56
27 -2.152846e+000 56
28 -2.147135e+000 56
29 -1.975200e+000 56
30 -2.098368e+000 56
31 -2.132265e+000 56
32 -2.065947e+000 56
33 -2.087382e+000 56
34 -2.176849e+000 56
35 -2.093393e+000 56
36 -2.058536e+000 56
37 -2.184537e+000 56
38 -2.064587e+000 56
39 -2.089914e+000 56
40 -2.133993e+000 56
41 -2.028648e+000 56
42 -2.047572e+000 56
43 -2.176147e+000 56
44 -2.087101e+000 56
45 -2.057326e+000 56
46 -2.142757e+000 56
47 -2.092184e+000 56
48 -2.080511e+000 56
49 -2.087034e+000 56
50 -2.058003e+000 56
51 -2.110887e+000 56
52 -2.048913e+000 56
53 -2.070048e+000 56
54 -2.071208e+000 56
55 -2.012051e+000 56
56 -2.061330e+000 56
57 -2.026317e+000 56
58 -1.980390e+000 56
59 -2.013394e+000 56
60 -1.998799e+000 56
61 -1.930824e+000 56
62 -2.025580e+000 56
63 -1.989962e+000 56
64 -2.007483e+000 56
65 -2.074384e+000 56
66 -1.968310e+000 56
67 -1.979224e+000 56
68 -2.052792e+000 56
69 -2.021497e+000 56
70 -2.005257e+000 56
71 -2.067083e+000 56
72 -2.025133e+000 56
73 -2.008575e+000 56
74 -2.033200e+000 56
75 -2.023096e+000 56
76 -2.077863e+000 56
77 -2.036149e+000 56
78 -2.003363e+000 56
79 -1.989778e+000 56
80 -1.983610e+000 56
81 -2.014188e+000 56
82 -2.057285e+000 56
83 -2.030541e+000 56
84 -2.013330e+000 56
85 -2.021680e+000 56
86 -2.053011e+000 56
87 -2.040295e+000 56
88 -1.945806e+000 56
89 -2.096083e+000 56
90 -2.126219e+000 56
91 -1.893310e+000 56
92 -2.103169e+000 56
93 -2.135390e+000 56
94 -1.919323e+000 56
95 -2.152247e+000 56
96 -2.121466e+000 56
97 -1.888799e+000 56
98 -2.152851e+000 56
99 -2.085394e+000 56
100 -1.839380e+000 56

#epsilon= 1.265180e-003  dim= 6
0 -4.938679e+000 4
1 -2.397046e+000 4
2 -2.132722e+000 4
3 -2.585204e+000 4
4 -2.219152e+000 4
5 -1.996359e+000 4
6 -2.505195e+000 4
7 -2.109581e+000 4
8 -1.922602e+000 4
9 -2.230767e+000 4
10 -2.068061e+000 4
11 -1.776038e+000 4
12 -2.217934e+000 4
13 -1.780081e+000 4
14 -1.756614e+000 4
15 -2.090123e+000 4
16 -1.767902e+000 4
17 -1.763450e+000 4
18 -1.917375e+000 4
19 -1.763049e+000 4
20 -1.494436e+000 4
21 -1.970879e+000 4
22 -1.762253e+000 4
23 -1.687418e+000 4
24 -1.938672e+000 4
25 -1.734012e+000 4
26 -1.747787e+000 4
27 -1.886737e+000 4
28 -1.773696e+000 4
29 -2.115508e+000 4
30 -1.874303e+000 4
31 -2.054937e+000 4
32 -1.933616e+000 4
33 -1.712907e+000 4
34 -2.003291e+000 4
35 -1.779019e+000 4
36 -1.781823e+000 4
37 -1.851446e+000 4
38 -1.802223e+000 4
39 -1.821351e+000 4
40 -1.729921e+000 4
41 -1.729328e+000 4
42 -1.829256e+000 4
43 -1.750707e+000 4
44 -1.641653e+000 4
45 -2.029509e+000 4
46 -1.768421e+000 4
47 -1.502067e+000 4
48 -1.852863e+000 4
49 -1.759098e+000 4
50 -1.442392e+000 4
51 -1.948957e+000 4
52 -1.615142e+000 4
53 -1.576500e+000 4
54 -1.960848e+000 4
55 -1.683295e+000 4
56 -1.642525e+000 4
57 -1.903803e+000 4
58 -1.889203e+000 4
59 -1.614568e+000 4
60 -1.872159e+000 4
61 -1.830396e+000 4
62 -1.665356e+000 4
63 -1.864587e+000 4
64 -1.923581e+000 4
65 -1.872043e+000 4
66 -2.049759e+000 4
67 -1.944785e+000 4
68 -1.940437e+000 4
69 -2.141528e+000 4
70 -2.041263e+000 4
71 -1.884923e+000 4
72 -1.908076e+000 4
73 -1.995648e+000 4
74 -1.771375e+000 4
75 -1.931684e+000 4
76 -2.162487e+000 4
77 -1.839214e+000 4
78 -1.866258e+000 4
79 -2.287569e+000 4
80 -1.851051e+000 4
81 -1.893757e+000 4
82 -2.123575e+000 4
83 -1.822787e+000 4
84 -1.855296e+000 4
85 -1.963192e+000 4
86 -1.999775e+000 4
87 -1.912288e+000 4
88 -1.751242e+000 4
89 -1.958906e+000 4
90 -2.129265e+000 4
91 -1.764135e+000 4
92 -2.038192e+000 4
93 -2.231095e+000 4
94 -1.706518e+000 4
95 -2.040977e+000 4
96 -2.389977e+000 4
97 -1.681247e+000 4
98 -2.077566e+000 4
99 -2.242481e+000 4
100 -1.739340e+000 4

#epsilon= 1.265180e-003  dim= 7

#epsilon= 1.265180e-003  dim= 8

#epsilon= 1.265180e-003  dim= 9

#epsilon= 1.265180e-003  dim= 10

