#epsilon= 1.282010e-004  dim= 3
0 -7.210735e+000 7
1 -2.759129e+000 7
2 -3.192921e+000 7
3 -4.283525e+000 7
4 -2.682375e+000 7
5 -3.118088e+000 7
6 -3.192097e+000 7
7 -2.603812e+000 7
8 -2.796962e+000 7
9 -2.888085e+000 7
10 -2.421290e+000 7
11 -2.555413e+000 7
12 -2.889853e+000 7
13 -2.106796e+000 7
14 -2.509243e+000 7
15 -2.685239e+000 7
16 -2.181466e+000 7
17 -2.516562e+000 7
18 -3.045429e+000 7
19 -2.268148e+000 7
20 -2.610160e+000 7
21 -2.836192e+000 7
22 -2.473102e+000 7
23 -2.473787e+000 7
24 -2.906409e+000 7
25 -2.515383e+000 7
26 -2.199606e+000 7
27 -2.516615e+000 7
28 -2.488210e+000 7
29 -2.132859e+000 7
30 -2.541297e+000 7
31 -2.351996e+000 7
32 -2.134721e+000 7
33 -2.546433e+000 7
34 -2.261131e+000 7
35 -2.388460e+000 7
36 -2.742494e+000 7
37 -2.347129e+000 7
38 -2.612045e+000 7
39 -2.978937e+000 7
40 -2.597783e+000 7
41 -2.817059e+000 7
42 -2.759476e+000 7
43 -2.609539e+000 7
44 -2.826877e+000 7
45 -2.882244e+000 7
46 -2.424093e+000 7
47 -2.823596e+000 7
48 -2.978419e+000 7
49 -2.402564e+000 7
50 -2.597085e+000 7
51 -3.327301e+000 7
52 -2.374329e+000 7
53 -2.592997e+000 7
54 -2.756491e+000 7
55 -2.382740e+000 7
56 -2.240813e+000 7
57 -2.355259e+000 7
58 -2.394650e+000 7
59 -2.170268e+000 7
60 -1.969532e+000 7
61 -2.090647e+000 7
62 -2.136732e+000 7
63 -1.963844e+000 7
64 -2.166091e+000 7
65 -2.378780e+000 7
66 -2.238674e+000 7
67 -2.169163e+000 7
68 -2.273673e+000 7
69 -2.285191e+000 7
70 -2.212455e+000 7
71 -2.182104e+000 7
72 -2.025553e+000 7
73 -2.134207e+000 7
74 -2.010515e+000 7
75 -1.934206e+000 7
76 -2.137553e+000 7
77 -2.097274e+000 7
78 -2.005089e+000 7
79 -2.211566e+000 7
80 -2.274310e+000 7
81 -1.974383e+000 7
82 -2.102722e+000 7
83 -2.336109e+000 7
84 -1.899593e+000 7
85 -2.054714e+000 7
86 -2.312988e+000 7
87 -2.020359e+000 7
88 -2.242812e+000 7
89 -2.228142e+000 7
90 -2.019826e+000 7
91 -2.326949e+000 7
92 -2.164726e+000 7
93 -2.206720e+000 7
94 -2.641464e+000 7
95 -2.124093e+000 7
96 -2.410610e+000 7
97 -2.356940e+000 7
98 -2.284133e+000 7
99 -2.535514e+000 7
100 -2.292353e+000 7

#epsilon= 1.282010e-004  dim= 4

#epsilon= 1.282010e-004  dim= 5

#epsilon= 1.282010e-004  dim= 6

#epsilon= 1.282010e-004  dim= 7

#epsilon= 1.282010e-004  dim= 8

#epsilon= 1.282010e-004  dim= 9

#epsilon= 1.282010e-004  dim= 10

#epsilon= 2.279773e-004  dim= 3
0 -6.643313e+000 42
1 -2.674930e+000 42
2 -2.824530e+000 42
3 -3.810776e+000 42
4 -2.645337e+000 42
5 -2.705491e+000 42
6 -2.907003e+000 42
7 -2.633896e+000 42
8 -2.648780e+000 42
9 -2.640278e+000 42
10 -2.612786e+000 42
11 -2.526511e+000 42
12 -2.577476e+000 42
13 -2.590433e+000 42
14 -2.560343e+000 42
15 -2.608031e+000 42
16 -2.521086e+000 42
17 -2.565386e+000 42
18 -2.629747e+000 42
19 -2.429382e+000 42
20 -2.558324e+000 42
21 -2.672555e+000 42
22 -2.518774e+000 42
23 -2.548793e+000 42
24 -2.710585e+000 42
25 -2.648828e+000 42
26 -2.539486e+000 42
27 -2.529135e+000 42
28 -2.662714e+000 42
29 -2.576322e+000 42
30 -2.468692e+000 42
31 -2.524597e+000 42
32 -2.473731e+000 42
33 -2.502535e+000 42
34 -2.523927e+000 42
35 -2.526641e+000 42
36 -2.522314e+000 42
37 -2.465620e+000 42
38 -2.518299e+000 42
39 -2.466991e+000 42
40 -2.604084e+000 42
41 -2.554827e+000 42
42 -2.449765e+000 42
43 -2.605342e+000 42
44 -2.466182e+000 42
45 -2.501759e+000 42
46 -2.478986e+000 42
47 -2.501920e+000 42
48 -2.644965e+000 42
49 -2.365893e+000 42
50 -2.506558e+000 42
51 -2.649252e+000 42
52 -2.353747e+000 42
53 -2.517652e+000 42
54 -2.593076e+000 42
55 -2.385729e+000 42
56 -2.506115e+000 42
57 -2.554553e+000 42
58 -2.408942e+000 42
59 -2.454678e+000 42
60 -2.569965e+000 42
61 -2.363115e+000 42
62 -2.540971e+000 42
63 -2.501112e+000 42
64 -2.385815e+000 42
65 -2.530366e+000 42
66 -2.527089e+000 42
67 -2.367728e+000 42
68 -2.509707e+000 42
69 -2.549753e+000 42
70 -2.378008e+000 42
71 -2.518813e+000 42
72 -2.514562e+000 42
73 -2.483479e+000 42
74 -2.512050e+000 42
75 -2.429886e+000 42
76 -2.544264e+000 42
77 -2.599897e+000 42
78 -2.449621e+000 42
79 -2.574714e+000 42
80 -2.600273e+000 42
81 -2.469327e+000 42
82 -2.522852e+000 42
83 -2.524356e+000 42
84 -2.319270e+000 42
85 -2.534648e+000 42
86 -2.425813e+000 42
87 -2.295468e+000 42
88 -2.487385e+000 42
89 -2.404284e+000 42
90 -2.377738e+000 42
91 -2.475411e+000 42
92 -2.396804e+000 42
93 -2.515772e+000 42
94 -2.509516e+000 42
95 -2.441202e+000 42
96 -2.547795e+000 42
97 -2.581642e+000 42
98 -2.531863e+000 42
99 -2.562382e+000 42
100 -2.627540e+000 42

#epsilon= 2.279773e-004  dim= 4
0 -6.416328e+000 2
1 -2.370847e+000 2
2 -2.695475e+000 2
3 -3.018819e+000 2
4 -2.761428e+000 2
5 -2.704325e+000 2
6 -2.822246e+000 2
7 -2.940148e+000 2
8 -2.633927e+000 2
9 -2.558426e+000 2
10 -2.471387e+000 2
11 -2.534483e+000 2
12 -2.168099e+000 2
13 -2.351528e+000 2
14 -2.653437e+000 2
15 -2.356816e+000 2
16 -2.269793e+000 2
17 -2.441095e+000 2
18 -2.426584e+000 2
19 -2.235184e+000 2
20 -2.416133e+000 2
21 -2.541465e+000 2
22 -2.425516e+000 2
23 -2.649079e+000 2
24 -3.152081e+000 2
25 -2.695156e+000 2
26 -2.541833e+000 2
27 -2.877782e+000 2
28 -2.721172e+000 2
29 -2.673002e+000 2
30 -2.837973e+000 2
31 -2.729311e+000 2
32 -2.765787e+000 2
33 -2.774379e+000 2
34 -2.542707e+000 2
35 -2.785526e+000 2
36 -2.875362e+000 2
37 -2.574957e+000 2
38 -2.782856e+000 2
39 -2.747793e+000 2
40 -2.641396e+000 2
41 -2.646203e+000 2
42 -2.729088e+000 2
43 -2.509384e+000 2
44 -2.714432e+000 2
45 -2.760921e+000 2
46 -2.710830e+000 2
47 -2.637643e+000 2
48 -2.775896e+000 2
49 -2.672758e+000 2
50 -2.747910e+000 2
51 -2.756317e+000 2
52 -2.677609e+000 2
53 -3.088300e+000 2
54 -2.640918e+000 2
55 -2.504052e+000 2
56 -2.645806e+000 2
57 -2.206575e+000 2
58 -1.912186e+000 2
59 -2.598567e+000 2
60 -2.230112e+000 2
61 -1.769112e+000 2
62 -2.348183e+000 2
63 -1.873716e+000 2
64 -1.762912e+000 2
65 -1.948891e+000 2
66 -1.900580e+000 2
67 -1.602794e+000 2
68 -1.869031e+000 2
69 -2.348168e+000 2
70 -1.822037e+000 2
71 -1.862475e+000 2
72 -2.200157e+000 2
73 -2.301723e+000 2
74 -1.868493e+000 2
75 -2.426728e+000 2
76 -2.320612e+000 2
77 -2.281130e+000 2
78 -2.213117e+000 2
79 -2.492635e+000 2
80 -2.236532e+000 2
81 -2.555973e+000 2
82 -2.166406e+000 2
83 -2.191596e+000 2
84 -1.990477e+000 2
85 -2.073243e+000 2
86 -1.868768e+000 2
87 -1.921929e+000 2
88 -1.933409e+000 2
89 -1.859906e+000 2
90 -1.866842e+000 2
91 -2.137613e+000 2
92 -1.912367e+000 2
93 -1.948353e+000 2
94 -2.380645e+000 2
95 -1.934600e+000 2
96 -2.642192e+000 2
97 -2.370551e+000 2
98 -2.120074e+000 2
99 -2.697760e+000 2
100 -3.178052e+000 2

#epsilon= 2.279773e-004  dim= 5

#epsilon= 2.279773e-004  dim= 6

#epsilon= 2.279773e-004  dim= 7

#epsilon= 2.279773e-004  dim= 8

#epsilon= 2.279773e-004  dim= 9

#epsilon= 2.279773e-004  dim= 10

#epsilon= 4.054073e-004  dim= 3
0 -6.066571e+000 170
1 -2.646092e+000 170
2 -2.664097e+000 170
3 -3.465373e+000 170
4 -2.607087e+000 170
5 -2.661577e+000 170
6 -2.795523e+000 170
7 -2.570517e+000 170
8 -2.576583e+000 170
9 -2.513848e+000 170
10 -2.534328e+000 170
11 -2.486286e+000 170
12 -2.473841e+000 170
13 -2.489224e+000 170
14 -2.434430e+000 170
15 -2.456348e+000 170
16 -2.471212e+000 170
17 -2.468202e+000 170
18 -2.410225e+000 170
19 -2.391788e+000 170
20 -2.435020e+000 170
21 -2.448831e+000 170
22 -2.438724e+000 170
23 -2.479703e+000 170
24 -2.469191e+000 170
25 -2.434856e+000 170
26 -2.483584e+000 170
27 -2.467088e+000 170
28 -2.518592e+000 170
29 -2.529319e+000 170
30 -2.407139e+000 170
31 -2.454866e+000 170
32 -2.465566e+000 170
33 -2.396844e+000 170
34 -2.476912e+000 170
35 -2.422073e+000 170
36 -2.403954e+000 170
37 -2.426378e+000 170
38 -2.430867e+000 170
39 -2.436749e+000 170
40 -2.470109e+000 170
41 -2.402934e+000 170
42 -2.426672e+000 170
43 -2.450425e+000 170
44 -2.428843e+000 170
45 -2.428274e+000 170
46 -2.390020e+000 170
47 -2.406205e+000 170
48 -2.467665e+000 170
49 -2.373569e+000 170
50 -2.396853e+000 170
51 -2.465601e+000 170
52 -2.380944e+000 170
53 -2.396776e+000 170
54 -2.465218e+000 170
55 -2.394055e+000 170
56 -2.414720e+000 170
57 -2.457056e+000 170
58 -2.353844e+000 170
59 -2.439607e+000 170
60 -2.472933e+000 170
61 -2.316451e+000 170
62 -2.451266e+000 170
63 -2.468657e+000 170
64 -2.349096e+000 170
65 -2.439317e+000 170
66 -2.428502e+000 170
67 -2.400908e+000 170
68 -2.482053e+000 170
69 -2.427381e+000 170
70 -2.429894e+000 170
71 -2.437932e+000 170
72 -2.423239e+000 170
73 -2.478375e+000 170
74 -2.415837e+000 170
75 -2.464209e+000 170
76 -2.502405e+000 170
77 -2.429476e+000 170
78 -2.442666e+000 170
79 -2.471994e+000 170
80 -2.455969e+000 170
81 -2.433994e+000 170
82 -2.414289e+000 170
83 -2.432149e+000 170
84 -2.415273e+000 170
85 -2.399821e+000 170
86 -2.399148e+000 170
87 -2.444061e+000 170
88 -2.450962e+000 170
89 -2.372845e+000 170
90 -2.499840e+000 170
91 -2.488107e+000 170
92 -2.392162e+000 170
93 -2.507839e+000 170
94 -2.469771e+000 170
95 -2.413525e+000 170
96 -2.502846e+000 170
97 -2.459012e+000 170
98 -2.474898e+000 170
99 -2.446300e+000 170
100 -2.471226e+000 170

#epsilon= 4.054073e-004  dim= 4
0 -6.001093e+000 14
1 -2.526450e+000 14
2 -2.561181e+000 14
3 -3.104489e+000 14
4 -2.645463e+000 14
5 -2.473927e+000 14
6 -2.527305e+000 14
7 -2.560448e+000 14
8 -2.355529e+000 14
9 -2.399034e+000 14
10 -2.502129e+000 14
11 -2.362175e+000 14
12 -2.194229e+000 14
13 -2.427447e+000 14
14 -2.387991e+000 14
15 -2.390196e+000 14
16 -2.413781e+000 14
17 -2.393280e+000 14
18 -2.227450e+000 14
19 -2.300041e+000 14
20 -2.419858e+000 14
21 -2.228501e+000 14
22 -2.256539e+000 14
23 -2.394477e+000 14
24 -2.378551e+000 14
25 -2.438564e+000 14
26 -2.281066e+000 14
27 -2.235111e+000 14
28 -2.407401e+000 14
29 -2.286649e+000 14
30 -2.296722e+000 14
31 -2.440286e+000 14
32 -2.172778e+000 14
33 -2.306224e+000 14
34 -2.296105e+000 14
35 -2.087389e+000 14
36 -2.275012e+000 14
37 -2.323991e+000 14
38 -2.183837e+000 14
39 -2.203100e+000 14
40 -2.152878e+000 14
41 -2.276527e+000 14
42 -2.186576e+000 14
43 -2.200020e+000 14
44 -2.425699e+000 14
45 -2.245083e+000 14
46 -2.268097e+000 14
47 -2.421555e+000 14
48 -2.391912e+000 14
49 -2.292011e+000 14
50 -2.477353e+000 14
51 -2.514391e+000 14
52 -2.493223e+000 14
53 -2.466781e+000 14
54 -2.517374e+000 14
55 -2.429320e+000 14
56 -2.432143e+000 14
57 -2.327295e+000 14
58 -2.276412e+000 14
59 -2.417446e+000 14
60 -2.230838e+000 14
61 -2.148408e+000 14
62 -2.460735e+000 14
63 -2.207169e+000 14
64 -2.195280e+000 14
65 -2.520124e+000 14
66 -2.223371e+000 14
67 -2.271661e+000 14
68 -2.656219e+000 14
69 -2.297276e+000 14
70 -2.381212e+000 14
71 -2.754486e+000 14
72 -2.240812e+000 14
73 -2.467048e+000 14
74 -2.638267e+000 14
75 -2.290368e+000 14
76 -2.499837e+000 14
77 -2.557236e+000 14
78 -2.218634e+000 14
79 -2.470294e+000 14
80 -2.493200e+000 14
81 -2.343850e+000 14
82 -2.317355e+000 14
83 -2.319712e+000 14
84 -2.293716e+000 14
85 -2.298902e+000 14
86 -2.278714e+000 14
87 -2.295712e+000 14
88 -2.234682e+000 14
89 -2.219087e+000 14
90 -2.338574e+000 14
91 -2.182702e+000 14
92 -2.215944e+000 14
93 -2.244622e+000 14
94 -2.222354e+000 14
95 -2.432431e+000 14
96 -2.366672e+000 14
97 -2.108026e+000 14
98 -2.411940e+000 14
99 -2.323215e+000 14
100 -2.224625e+000 14

#epsilon= 4.054073e-004  dim= 5

#epsilon= 4.054073e-004  dim= 6

#epsilon= 4.054073e-004  dim= 7

#epsilon= 4.054073e-004  dim= 8

#epsilon= 4.054073e-004  dim= 9

#epsilon= 4.054073e-004  dim= 10

#epsilon= 7.209274e-004  dim= 3
0 -5.466308e+000 353
1 -2.524259e+000 353
2 -2.492720e+000 353
3 -3.172131e+000 353
4 -2.466957e+000 353
5 -2.496163e+000 353
6 -2.647514e+000 353
7 -2.421689e+000 353
8 -2.427059e+000 353
9 -2.380469e+000 353
10 -2.396933e+000 353
11 -2.390313e+000 353
12 -2.391955e+000 353
13 -2.407945e+000 353
14 -2.366729e+000 353
15 -2.391048e+000 353
16 -2.379441e+000 353
17 -2.371244e+000 353
18 -2.399728e+000 353
19 -2.368306e+000 353
20 -2.359010e+000 353
21 -2.397752e+000 353
22 -2.381927e+000 353
23 -2.332476e+000 353
24 -2.398491e+000 353
25 -2.382347e+000 353
26 -2.324928e+000 353
27 -2.381531e+000 353
28 -2.373740e+000 353
29 -2.356581e+000 353
30 -2.347423e+000 353
31 -2.364610e+000 353
32 -2.361242e+000 353
33 -2.321936e+000 353
34 -2.367672e+000 353
35 -2.382049e+000 353
36 -2.332368e+000 353
37 -2.340039e+000 353
38 -2.399603e+000 353
39 -2.331818e+000 353
40 -2.339098e+000 353
41 -2.384029e+000 353
42 -2.350288e+000 353
43 -2.358667e+000 353
44 -2.344388e+000 353
45 -2.340282e+000 353
46 -2.353483e+000 353
47 -2.334408e+000 353
48 -2.350698e+000 353
49 -2.355401e+000 353
50 -2.332560e+000 353
51 -2.339985e+000 353
52 -2.326203e+000 353
53 -2.331483e+000 353
54 -2.366473e+000 353
55 -2.307734e+000 353
56 -2.324144e+000 353
57 -2.358857e+000 353
58 -2.289567e+000 353
59 -2.344866e+000 353
60 -2.374514e+000 353
61 -2.299196e+000 353
62 -2.355668e+000 353
63 -2.370768e+000 353
64 -2.332466e+000 353
65 -2.385885e+000 353
66 -2.370594e+000 353
67 -2.359927e+000 353
68 -2.376357e+000 353
69 -2.368784e+000 353
70 -2.356058e+000 353
71 -2.353481e+000 353
72 -2.369274e+000 353
73 -2.405923e+000 353
74 -2.371425e+000 353
75 -2.342599e+000 353
76 -2.407812e+000 353
77 -2.373493e+000 353
78 -2.333432e+000 353
79 -2.351928e+000 353
80 -2.382579e+000 353
81 -2.309481e+000 353
82 -2.306233e+000 353
83 -2.360291e+000 353
84 -2.312339e+000 353
85 -2.320571e+000 353
86 -2.350893e+000 353
87 -2.340480e+000 353
88 -2.348928e+000 353
89 -2.347487e+000 353
90 -2.372758e+000 353
91 -2.368624e+000 353
92 -2.366823e+000 353
93 -2.360642e+000 353
94 -2.358775e+000 353
95 -2.381297e+000 353
96 -2.346052e+000 353
97 -2.372897e+000 353
98 -2.406036e+000 353
99 -2.336479e+000 353
100 -2.367894e+000 353

#epsilon= 7.209274e-004  dim= 4
0 -5.445998e+000 70
1 -2.498582e+000 70
2 -2.497421e+000 70
3 -3.534748e+000 70
4 -2.461353e+000 70
5 -2.426447e+000 70
6 -2.902771e+000 70
7 -2.427384e+000 70
8 -2.348695e+000 70
9 -2.556430e+000 70
10 -2.391360e+000 70
11 -2.282677e+000 70
12 -2.277023e+000 70
13 -2.375725e+000 70
14 -2.278879e+000 70
15 -2.336711e+000 70
16 -2.328290e+000 70
17 -2.275641e+000 70
18 -2.302452e+000 70
19 -2.303889e+000 70
20 -2.270085e+000 70
21 -2.370933e+000 70
22 -2.329713e+000 70
23 -2.298224e+000 70
24 -2.422902e+000 70
25 -2.430387e+000 70
26 -2.256408e+000 70
27 -2.403263e+000 70
28 -2.402436e+000 70
29 -2.243812e+000 70
30 -2.369583e+000 70
31 -2.395741e+000 70
32 -2.227337e+000 70
33 -2.332671e+000 70
34 -2.347098e+000 70
35 -2.216318e+000 70
36 -2.253403e+000 70
37 -2.325710e+000 70
38 -2.302136e+000 70
39 -2.301036e+000 70
40 -2.276681e+000 70
41 -2.313286e+000 70
42 -2.279256e+000 70
43 -2.271101e+000 70
44 -2.372952e+000 70
45 -2.318607e+000 70
46 -2.280606e+000 70
47 -2.346171e+000 70
48 -2.375614e+000 70
49 -2.288160e+000 70
50 -2.297816e+000 70
51 -2.344713e+000 70
52 -2.256174e+000 70
53 -2.281086e+000 70
54 -2.281539e+000 70
55 -2.210442e+000 70
56 -2.282828e+000 70
57 -2.256855e+000 70
58 -2.176229e+000 70
59 -2.280438e+000 70
60 -2.283018e+000 70
61 -2.141989e+000 70
62 -2.284540e+000 70
63 -2.245237e+000 70
64 -2.185174e+000 70
65 -2.339453e+000 70
66 -2.285240e+000 70
67 -2.250215e+000 70
68 -2.290173e+000 70
69 -2.240886e+000 70
70 -2.310199e+000 70
71 -2.291936e+000 70
72 -2.273782e+000 70
73 -2.329312e+000 70
74 -2.324138e+000 70
75 -2.296850e+000 70
76 -2.303645e+000 70
77 -2.322043e+000 70
78 -2.247941e+000 70
79 -2.244544e+000 70
80 -2.344689e+000 70
81 -2.266981e+000 70
82 -2.195643e+000 70
83 -2.325112e+000 70
84 -2.251151e+000 70
85 -2.177983e+000 70
86 -2.284419e+000 70
87 -2.285271e+000 70
88 -2.191400e+000 70
89 -2.253415e+000 70
90 -2.318230e+000 70
91 -2.241534e+000 70
92 -2.265366e+000 70
93 -2.309719e+000 70
94 -2.204874e+000 70
95 -2.306948e+000 70
96 -2.293492e+000 70
97 -2.239399e+000 70
98 -2.287302e+000 70
99 -2.227082e+000 70
100 -2.228667e+000 70

#epsilon= 7.209274e-004  dim= 5
0 -5.239836e+000 2
1 -2.456654e+000 2
2 -2.289579e+000 2
3 -3.593205e+000 2
4 -2.467550e+000 2
5 -2.442630e+000 2
6 -3.291031e+000 2
7 -2.353676e+000 2
8 -2.598042e+000 2
9 -2.918012e+000 2
10 -2.534507e+000 2
11 -2.608035e+000 2
12 -2.267761e+000 2
13 -2.586679e+000 2
14 -2.720503e+000 2
15 -2.243660e+000 2
16 -2.538476e+000 2
17 -1.875175e+000 2
18 -2.233314e+000 2
19 -2.335231e+000 2
20 -1.882351e+000 2
21 -2.189841e+000 2
22 -2.513326e+000 2
23 -1.862072e+000 2
24 -2.092538e+000 2
25 -2.577897e+000 2
26 -1.832969e+000 2
27 -2.120991e+000 2
28 -2.577172e+000 2
29 -1.779662e+000 2
30 -2.134814e+000 2
31 -2.526477e+000 2
32 -2.322419e+000 2
33 -2.115552e+000 2
34 -2.592814e+000 2
35 -2.226392e+000 2
36 -2.143990e+000 2
37 -2.569285e+000 2
38 -2.229937e+000 2
39 -2.245036e+000 2
40 -2.656677e+000 2
41 -2.224150e+000 2
42 -2.385025e+000 2
43 -2.631019e+000 2
44 -2.417348e+000 2
45 -2.402801e+000 2
46 -2.409285e+000 2
47 -2.530449e+000 2
48 -2.641054e+000 2
49 -2.533025e+000 2
50 -2.681281e+000 2
51 -2.581822e+000 2
52 -2.572088e+000 2
53 -2.787292e+000 2
54 -2.394918e+000 2
55 -2.481749e+000 2
56 -2.831516e+000 2
57 -2.784799e+000 2
58 -2.330398e+000 2
59 -3.167344e+000 2
60 -2.868469e+000 2
61 -2.566848e+000 2
62 -2.748655e+000 2
63 -2.490248e+000 2
64 -2.502513e+000 2
65 -2.723200e+000 2
66 -2.408063e+000 2
67 -2.326715e+000 2
68 -2.688117e+000 2
69 -2.517202e+000 2
70 -2.353932e+000 2
71 -2.719206e+000 2
72 -2.579110e+000 2
73 -2.307375e+000 2
74 -2.604758e+000 2
75 -2.617751e+000 2
76 -2.197113e+000 2
77 -2.938661e+000 2
78 -2.660898e+000 2
79 -2.302569e+000 2
80 -2.445074e+000 2
81 -2.783795e+000 2
82 -2.337542e+000 2
83 -2.472022e+000 2
84 -2.779775e+000 2
85 -2.360675e+000 2
86 -2.463922e+000 2
87 -2.403694e+000 2
88 -2.255056e+000 2
89 -2.476514e+000 2
90 -2.446581e+000 2
91 -2.241661e+000 2
92 -2.347196e+000 2
93 -2.379260e+000 2
94 -2.002950e+000 2
95 -2.663143e+000 2
96 -2.236088e+000 2
97 -2.021430e+000 2
98 -2.686120e+000 2
99 -2.052917e+000 2
100 -2.026747e+000 2

#epsilon= 7.209274e-004  dim= 6

#epsilon= 7.209274e-004  dim= 7

#epsilon= 7.209274e-004  dim= 8

#epsilon= 7.209274e-004  dim= 9

#epsilon= 7.209274e-004  dim= 10

#epsilon= 1.282010e-003  dim= 3
0 -4.869385e+000 452
1 -2.381035e+000 452
2 -2.375080e+000 452
3 -2.945520e+000 452
4 -2.350085e+000 452
5 -2.333034e+000 452
6 -2.520671e+000 452
7 -2.314421e+000 452
8 -2.289708e+000 452
9 -2.283576e+000 452
10 -2.286824e+000 452
11 -2.275299e+000 452
12 -2.298339e+000 452
13 -2.289259e+000 452
14 -2.257891e+000 452
15 -2.283546e+000 452
16 -2.285466e+000 452
17 -2.268231e+000 452
18 -2.286243e+000 452
19 -2.296953e+000 452
20 -2.277934e+000 452
21 -2.289314e+000 452
22 -2.292316e+000 452
23 -2.288493e+000 452
24 -2.298826e+000 452
25 -2.280660e+000 452
26 -2.262692e+000 452
27 -2.278810e+000 452
28 -2.263964e+000 452
29 -2.255520e+000 452
30 -2.263848e+000 452
31 -2.257165e+000 452
32 -2.254563e+000 452
33 -2.246401e+000 452
34 -2.272991e+000 452
35 -2.270669e+000 452
36 -2.258516e+000 452
37 -2.267733e+000 452
38 -2.265820e+000 452
39 -2.256776e+000 452
40 -2.270814e+000 452
41 -2.272499e+000 452
42 -2.270181e+000 452
43 -2.275523e+000 452
44 -2.259549e+000 452
45 -2.270698e+000 452
46 -2.294539e+000 452
47 -2.264588e+000 452
48 -2.271537e+000 452
49 -2.295451e+000 452
50 -2.265240e+000 452
51 -2.273130e+000 452
52 -2.282365e+000 452
53 -2.266014e+000 452
54 -2.273406e+000 452
55 -2.258936e+000 452
56 -2.267699e+000 452
57 -2.269472e+000 452
58 -2.243696e+000 452
59 -2.262537e+000 452
60 -2.255193e+000 452
61 -2.240253e+000 452
62 -2.272040e+000 452
63 -2.246239e+000 452
64 -2.247255e+000 452
65 -2.263223e+000 452
66 -2.240681e+000 452
67 -2.253488e+000 452
68 -2.257096e+000 452
69 -2.240790e+000 452
70 -2.261336e+000 452
71 -2.253526e+000 452
72 -2.246499e+000 452
73 -2.269396e+000 452
74 -2.246505e+000 452
75 -2.251554e+000 452
76 -2.261589e+000 452
77 -2.247006e+000 452
78 -2.250460e+000 452
79 -2.239985e+000 452
80 -2.255368e+000 452
81 -2.250636e+000 452
82 -2.232279e+000 452
83 -2.266587e+000 452
84 -2.244233e+000 452
85 -2.238362e+000 452
86 -2.263347e+000 452
87 -2.239204e+000 452
88 -2.250459e+000 452
89 -2.253595e+000 452
90 -2.243038e+000 452
91 -2.266223e+000 452
92 -2.263680e+000 452
93 -2.251211e+000 452
94 -2.258914e+000 452
95 -2.271231e+000 452
96 -2.263022e+000 452
97 -2.283417e+000 452
98 -2.283745e+000 452
99 -2.273687e+000 452
100 -2.280495e+000 452

#epsilon= 1.282010e-003  dim= 4
0 -4.848634e+000 273
1 -2.379197e+000 273
2 -2.370627e+000 273
3 -3.247910e+000 273
4 -2.355572e+000 273
5 -2.314846e+000 273
6 -2.678347e+000 273
7 -2.318316e+000 273
8 -2.277454e+000 273
9 -2.408070e+000 273
10 -2.276833e+000 273
11 -2.246544e+000 273
12 -2.227697e+000 273
13 -2.269958e+000 273
14 -2.226405e+000 273
15 -2.216221e+000 273
16 -2.230550e+000 273
17 -2.249094e+000 273
18 -2.246217e+000 273
19 -2.224185e+000 273
20 -2.237152e+000 273
21 -2.253942e+000 273
22 -2.216113e+000 273
23 -2.228536e+000 273
24 -2.246164e+000 273
25 -2.249964e+000 273
26 -2.259850e+000 273
27 -2.215811e+000 273
28 -2.258829e+000 273
29 -2.241185e+000 273
30 -2.213983e+000 273
31 -2.247181e+000 273
32 -2.240309e+000 273
33 -2.189816e+000 273
34 -2.232056e+000 273
35 -2.257747e+000 273
36 -2.190788e+000 273
37 -2.224508e+000 273
38 -2.240032e+000 273
39 -2.214070e+000 273
40 -2.233144e+000 273
41 -2.249380e+000 273
42 -2.243213e+000 273
43 -2.224923e+000 273
44 -2.248335e+000 273
45 -2.251883e+000 273
46 -2.247386e+000 273
47 -2.237829e+000 273
48 -2.266813e+000 273
49 -2.250538e+000 273
50 -2.249580e+000 273
51 -2.226499e+000 273
52 -2.227715e+000 273
53 -2.204285e+000 273
54 -2.197309e+000 273
55 -2.171161e+000 273
56 -2.180596e+000 273
57 -2.192428e+000 273
58 -2.182315e+000 273
59 -2.160906e+000 273
60 -2.187600e+000 273
61 -2.168217e+000 273
62 -2.174098e+000 273
63 -2.192876e+000 273
64 -2.186774e+000 273
65 -2.210149e+000 273
66 -2.182448e+000 273
67 -2.205343e+000 273
68 -2.203188e+000 273
69 -2.177649e+000 273
70 -2.215690e+000 273
71 -2.241962e+000 273
72 -2.186149e+000 273
73 -2.220636e+000 273
74 -2.236378e+000 273
75 -2.169102e+000 273
76 -2.212255e+000 273
77 -2.203454e+000 273
78 -2.164770e+000 273
79 -2.207684e+000 273
80 -2.221793e+000 273
81 -2.191330e+000 273
82 -2.189393e+000 273
83 -2.208348e+000 273
84 -2.179117e+000 273
85 -2.185266e+000 273
86 -2.205662e+000 273
87 -2.216286e+000 273
88 -2.191972e+000 273
89 -2.211326e+000 273
90 -2.226335e+000 273
91 -2.208392e+000 273
92 -2.218002e+000 273
93 -2.232090e+000 273
94 -2.204554e+000 273
95 -2.247548e+000 273
96 -2.241032e+000 273
97 -2.207426e+000 273
98 -2.230094e+000 273
99 -2.206387e+000 273
100 -2.218097e+000 273

#epsilon= 1.282010e-003  dim= 5
0 -4.786417e+000 66
1 -2.479111e+000 66
2 -2.424272e+000 66
3 -3.304364e+000 66
4 -2.469697e+000 66
5 -2.428784e+000 66
6 -2.826312e+000 66
7 -2.417292e+000 66
8 -2.381930e+000 66
9 -2.564441e+000 66
10 -2.372651e+000 66
11 -2.301858e+000 66
12 -2.254233e+000 66
13 -2.286365e+000 66
14 -2.281370e+000 66
15 -2.145700e+000 66
16 -2.281351e+000 66
17 -2.232466e+000 66
18 -2.199846e+000 66
19 -2.286633e+000 66
20 -2.216604e+000 66
21 -2.241812e+000 66
22 -2.231544e+000 66
23 -2.245611e+000 66
24 -2.233384e+000 66
25 -2.176083e+000 66
26 -2.257759e+000 66
27 -2.283522e+000 66
28 -2.204648e+000 66
29 -2.232993e+000 66
30 -2.273659e+000 66
31 -2.175718e+000 66
32 -2.239945e+000 66
33 -2.208754e+000 66
34 -2.132565e+000 66
35 -2.201797e+000 66
36 -2.204127e+000 66
37 -2.180564e+000 66
38 -2.175082e+000 66
39 -2.161505e+000 66
40 -2.232830e+000 66
41 -2.197117e+000 66
42 -2.165373e+000 66
43 -2.232260e+000 66
44 -2.211627e+000 66
45 -2.168192e+000 66
46 -2.205477e+000 66
47 -2.231373e+000 66
48 -2.205170e+000 66
49 -2.206382e+000 66
50 -2.249637e+000 66
51 -2.161287e+000 66
52 -2.139157e+000 66
53 -2.259611e+000 66
54 -2.194907e+000 66
55 -2.141274e+000 66
56 -2.203005e+000 66
57 -2.191362e+000 66
58 -2.128454e+000 66
59 -2.182634e+000 66
60 -2.172092e+000 66
61 -2.136386e+000 66
62 -2.165641e+000 66
63 -2.181906e+000 66
64 -2.132386e+000 66
65 -2.189982e+000 66
66 -2.180223e+000 66
67 -2.147209e+000 66
68 -2.143813e+000 66
69 -2.185335e+000 66
70 -2.075993e+000 66
71 -2.154562e+000 66
72 -2.136839e+000 66
73 -2.072964e+000 66
74 -2.153897e+000 66
75 -2.142743e+000 66
76 -2.089512e+000 66
77 -2.131218e+000 66
78 -2.111797e+000 66
79 -2.077457e+000 66
80 -2.085266e+000 66
81 -2.048035e+000 66
82 -2.075333e+000 66
83 -2.099637e+000 66
84 -2.038651e+000 66
85 -2.171053e+000 66
86 -2.110180e+000 66
87 -2.035607e+000 66
88 -2.140796e+000 66
89 -2.111753e+000 66
90 -2.038531e+000 66
91 -2.132385e+000 66
92 -2.091127e+000 66
93 -2.004204e+000 66
94 -2.080198e+000 66
95 -2.176236e+000 66
96 -2.055326e+000 66
97 -2.110844e+000 66
98 -2.156380e+000 66
99 -2.039704e+000 66
100 -2.075318e+000 66

#epsilon= 1.282010e-003  dim= 6
0 -4.692231e+000 6
1 -2.491922e+000 6
2 -2.575687e+000 6
3 -3.312400e+000 6
4 -2.509092e+000 6
5 -2.482721e+000 6
6 -2.609237e+000 6
7 -2.556242e+000 6
8 -2.483350e+000 6
9 -2.219893e+000 6
10 -2.361884e+000 6
11 -2.418614e+000 6
12 -2.068611e+000 6
13 -2.312641e+000 6
14 -2.491670e+000 6
15 -2.053361e+000 6
16 -2.269284e+000 6
17 -2.407248e+000 6
18 -2.005665e+000 6
19 -2.294876e+000 6
20 -2.400158e+000 6
21 -1.973224e+000 6
22 -2.088178e+000 6
23 -2.301851e+000 6
24 -2.119694e+000 6
25 -1.933585e+000 6
26 -2.254212e+000 6
27 -2.022379e+000 6
28 -1.894978e+000 6
29 -2.237811e+000 6
30 -2.067851e+000 6
31 -1.907623e+000 6
32 -2.149584e+000 6
33 -2.038573e+000 6
34 -1.855560e+000 6
35 -1.990568e+000 6
36 -1.963779e+000 6
37 -1.878404e+000 6
38 -1.992730e+000 6
39 -1.835774e+000 6
40 -1.993243e+000 6
41 -1.929631e+000 6
42 -1.775949e+000 6
43 -2.077731e+000 6
44 -1.927830e+000 6
45 -1.834797e+000 6
46 -2.188708e+000 6
47 -1.976961e+000 6
48 -1.962746e+000 6
49 -2.188407e+000 6
50 -1.990345e+000 6
51 -1.989969e+000 6
52 -2.239242e+000 6
53 -2.362583e+000 6
54 -2.095167e+000 6
55 -2.381945e+000 6
56 -2.368234e+000 6
57 -2.146192e+000 6
58 -2.333594e+000 6
59 -2.343043e+000 6
60 -2.267619e+000 6
61 -2.225858e+000 6
62 -2.418311e+000 6
63 -2.345865e+000 6
64 -2.236816e+000 6
65 -2.357408e+000 6
66 -2.340375e+000 6
67 -2.147188e+000 6
68 -2.404752e+000 6
69 -2.387626e+000 6
70 -2.113289e+000 6
71 -2.310616e+000 6
72 -2.270953e+000 6
73 -2.091479e+000 6
74 -2.191887e+000 6
75 -2.396032e+000 6
76 -2.038537e+000 6
77 -2.302089e+000 6
78 -2.396727e+000 6
79 -2.137003e+000 6
80 -2.237909e+000 6
81 -2.124822e+000 6
82 -2.126046e+000 6
83 -2.134010e+000 6
84 -2.096576e+000 6
85 -2.206125e+000 6
86 -2.037690e+000 6
87 -1.980867e+000 6
88 -2.263360e+000 6
89 -2.044285e+000 6
90 -1.912648e+000 6
91 -2.127510e+000 6
92 -2.110864e+000 6
93 -1.850965e+000 6
94 -2.113230e+000 6
95 -2.057109e+000 6
96 -1.877190e+000 6
97 -2.127909e+000 6
98 -2.188032e+000 6
99 -2.085287e+000 6
100 -2.111029e+000 6

#epsilon= 1.282010e-003  dim= 7

#epsilon= 1.282010e-003  dim= 8

#epsilon= 1.282010e-003  dim= 9

#epsilon= 1.282010e-003  dim= 10

